0 0 9 -5.466782
0 0.02040816 9 -5.377386
0 0.04081633 9 -5.115045
0 0.06122449 9 -4.69692
0 0.08163265 9 -4.15036
0 0.1020408 9 -3.511116
0 0.122449 9 -2.821
0 0.1428571 9 -2.125154
0 0.1632653 9 -1.469093
0 0.1836735 9 -0.8957297
0 0.2040816 9 -0.4425685
0 0.2244898 9 -0.1392506
0 0.244898 9 -0.005616045
0 0.2653061 9 -0.05040603
0 0.2857143 9 -0.2706908
0 0.3061224 9 -0.6520614
0 0.3265306 9 -1.169572
0 0.3469388 9 -1.789373
0 0.3673469 9 -2.470922
0 0.3877551 9 -3.16964
0 0.4081633 9 -3.839822
0 0.4285714 9 -4.437632
0 0.4489796 9 -4.923967
0 0.4693878 9 -5.267017
0 0.4897959 9 -5.44434
0 0.5102041 9 -5.44434
0 0.5306122 9 -5.267017
0 0.5510204 9 -4.923967
0 0.5714286 9 -4.437632
0 0.5918367 9 -3.839822
0 0.6122449 9 -3.16964
0 0.6326531 9 -2.470922
0 0.6530612 9 -1.789373
0 0.6734694 9 -1.169572
0 0.6938776 9 -0.6520614
0 0.7142857 9 -0.2706908
0 0.7346939 9 -0.05040603
0 0.755102 9 -0.005616045
0 0.7755102 9 -0.1392506
0 0.7959184 9 -0.4425685
0 0.8163265 9 -0.8957297
0 0.8367347 9 -1.469093
0 0.8571429 9 -2.125154
0 0.877551 9 -2.821
0 0.8979592 9 -3.511116
0 0.9183673 9 -4.15036
0 0.9387755 9 -4.69692
0 0.9591837 9 -5.115045
0 0.9795918 9 -5.377386
0 1 9 -5.466782
0.02040816 0 9 -5.453303
0.02040816 0.02040816 9 -5.363907
0.02040816 0.04081633 9 -5.101567
0.02040816 0.06122449 9 -4.683442
0.02040816 0.08163265 9 -4.136882
0.02040816 0.1020408 9 -3.497637
0.02040816 0.122449 9 -2.807522
0.02040816 0.1428571 9 -2.111676
0.02040816 0.1632653 9 -1.455614
0.02040816 0.1836735 9 -0.8822513
0.02040816 0.2040816 9 -0.4290901
0.02040816 0.2244898 9 -0.1257722
0.02040816 0.244898 9 0.007862347
0.02040816 0.2653061 9 -0.03692764
0.02040816 0.2857143 9 -0.2572124
0.02040816 0.3061224 9 -0.638583
0.02040816 0.3265306 9 -1.156094
0.02040816 0.3469388 9 -1.775895
0.02040816 0.3673469 9 -2.457444
0.02040816 0.3877551 9 -3.156161
0.02040816 0.4081633 9 -3.826343
0.02040816 0.4285714 9 -4.424154
0.02040816 0.4489796 9 -4.910489
0.02040816 0.4693878 9 -5.253538
0.02040816 0.4897959 9 -5.430862
0.02040816 0.5102041 9 -5.430862
0.02040816 0.5306122 9 -5.253538
0.02040816 0.5510204 9 -4.910489
0.02040816 0.5714286 9 -4.424154
0.02040816 0.5918367 9 -3.826343
0.02040816 0.6122449 9 -3.156161
0.02040816 0.6326531 9 -2.457444
0.02040816 0.6530612 9 -1.775895
0.02040816 0.6734694 9 -1.156094
0.02040816 0.6938776 9 -0.638583
0.02040816 0.7142857 9 -0.2572124
0.02040816 0.7346939 9 -0.03692764
0.02040816 0.755102 9 0.007862347
0.02040816 0.7755102 9 -0.1257722
0.02040816 0.7959184 9 -0.4290901
0.02040816 0.8163265 9 -0.8822513
0.02040816 0.8367347 9 -1.455614
0.02040816 0.8571429 9 -2.111676
0.02040816 0.877551 9 -2.807522
0.02040816 0.8979592 9 -3.497637
0.02040816 0.9183673 9 -4.136882
0.02040816 0.9387755 9 -4.683442
0.02040816 0.9591837 9 -5.101567
0.02040816 0.9795918 9 -5.363907
0.02040816 1 9 -5.453303
0.04081633 0 9 -5.41375
0.04081633 0.02040816 9 -5.324354
0.04081633 0.04081633 9 -5.062013
0.04081633 0.06122449 9 -4.643888
0.04081633 0.08163265 9 -4.097328
0.04081633 0.1020408 9 -3.458084
0.04081633 0.122449 9 -2.767968
0.04081633 0.1428571 9 -2.072122
0.04081633 0.1632653 9 -1.416061
0.04081633 0.1836735 9 -0.8426978
0.04081633 0.2040816 9 -0.3895365
0.04081633 0.2244898 9 -0.08621861
0.04081633 0.244898 9 0.0474159
0.04081633 0.2653061 9 0.00262591
0.04081633 0.2857143 9 -0.2176588
0.04081633 0.3061224 9 -0.5990295
0.04081633 0.3265306 9 -1.11654
0.04081633 0.3469388 9 -1.736341
0.04081633 0.3673469 9 -2.41789
0.04081633 0.3877551 9 -3.116608
0.04081633 0.4081633 9 -3.78679
0.04081633 0.4285714 9 -4.3846
0.04081633 0.4489796 9 -4.870935
0.04081633 0.4693878 9 -5.213985
0.04081633 0.4897959 9 -5.391309
0.04081633 0.5102041 9 -5.391309
0.04081633 0.5306122 9 -5.213985
0.04081633 0.5510204 9 -4.870935
0.04081633 0.5714286 9 -4.3846
0.04081633 0.5918367 9 -3.78679
0.04081633 0.6122449 9 -3.116608
0.04081633 0.6326531 9 -2.41789
0.04081633 0.6530612 9 -1.736341
0.04081633 0.6734694 9 -1.11654
0.04081633 0.6938776 9 -0.5990295
0.04081633 0.7142857 9 -0.2176588
0.04081633 0.7346939 9 0.00262591
0.04081633 0.755102 9 0.0474159
0.04081633 0.7755102 9 -0.08621861
0.04081633 0.7959184 9 -0.3895365
0.04081633 0.8163265 9 -0.8426978
0.04081633 0.8367347 9 -1.416061
0.04081633 0.8571429 9 -2.072122
0.04081633 0.877551 9 -2.767968
0.04081633 0.8979592 9 -3.458084
0.04081633 0.9183673 9 -4.097328
0.04081633 0.9387755 9 -4.643888
0.04081633 0.9591837 9 -5.062013
0.04081633 0.9795918 9 -5.324354
0.04081633 1 9 -5.41375
0.06122449 0 9 -5.350708
0.06122449 0.02040816 9 -5.261312
0.06122449 0.04081633 9 -4.998972
0.06122449 0.06122449 9 -4.580847
0.06122449 0.08163265 9 -4.034287
0.06122449 0.1020408 9 -3.395042
0.06122449 0.122449 9 -2.704927
0.06122449 0.1428571 9 -2.009081
0.06122449 0.1632653 9 -1.353019
0.06122449 0.1836735 9 -0.7796563
0.06122449 0.2040816 9 -0.326495
0.06122449 0.2244898 9 -0.02317711
0.06122449 0.244898 9 0.1104574
0.06122449 0.2653061 9 0.06566741
0.06122449 0.2857143 9 -0.1546173
0.06122449 0.3061224 9 -0.535988
0.06122449 0.3265306 9 -1.053499
0.06122449 0.3469388 9 -1.6733
0.06122449 0.3673469 9 -2.354849
0.06122449 0.3877551 9 -3.053566
0.06122449 0.4081633 9 -3.723748
0.06122449 0.4285714 9 -4.321559
0.06122449 0.4489796 9 -4.807894
0.06122449 0.4693878 9 -5.150943
0.06122449 0.4897959 9 -5.328267
0.06122449 0.5102041 9 -5.328267
0.06122449 0.5306122 9 -5.150943
0.06122449 0.5510204 9 -4.807894
0.06122449 0.5714286 9 -4.321559
0.06122449 0.5918367 9 -3.723748
0.06122449 0.6122449 9 -3.053566
0.06122449 0.6326531 9 -2.354849
0.06122449 0.6530612 9 -1.6733
0.06122449 0.6734694 9 -1.053499
0.06122449 0.6938776 9 -0.535988
0.06122449 0.7142857 9 -0.1546173
0.06122449 0.7346939 9 0.06566741
0.06122449 0.755102 9 0.1104574
0.06122449 0.7755102 9 -0.02317711
0.06122449 0.7959184 9 -0.326495
0.06122449 0.8163265 9 -0.7796563
0.06122449 0.8367347 9 -1.353019
0.06122449 0.8571429 9 -2.009081
0.06122449 0.877551 9 -2.704927
0.06122449 0.8979592 9 -3.395042
0.06122449 0.9183673 9 -4.034287
0.06122449 0.9387755 9 -4.580847
0.06122449 0.9591837 9 -4.998972
0.06122449 0.9795918 9 -5.261312
0.06122449 1 9 -5.350708
0.08163265 0 9 -5.268302
0.08163265 0.02040816 9 -5.178906
0.08163265 0.04081633 9 -4.916566
0.08163265 0.06122449 9 -4.498441
0.08163265 0.08163265 9 -3.951881
0.08163265 0.1020408 9 -3.312637
0.08163265 0.122449 9 -2.622521
0.08163265 0.1428571 9 -1.926675
0.08163265 0.1632653 9 -1.270614
0.08163265 0.1836735 9 -0.6972504
0.08163265 0.2040816 9 -0.2440892
0.08163265 0.2244898 9 0.05922877
0.08163265 0.244898 9 0.1928633
0.08163265 0.2653061 9 0.1480733
0.08163265 0.2857143 9 -0.07221146
0.08163265 0.3061224 9 -0.4535821
0.08163265 0.3265306 9 -0.9710931
0.08163265 0.3469388 9 -1.590894
0.08163265 0.3673469 9 -2.272443
0.08163265 0.3877551 9 -2.97116
0.08163265 0.4081633 9 -3.641343
0.08163265 0.4285714 9 -4.239153
0.08163265 0.4489796 9 -4.725488
0.08163265 0.4693878 9 -5.068537
0.08163265 0.4897959 9 -5.245861
0.08163265 0.5102041 9 -5.245861
0.08163265 0.5306122 9 -5.068537
0.08163265 0.5510204 9 -4.725488
0.08163265 0.5714286 9 -4.239153
0.08163265 0.5918367 9 -3.641343
0.08163265 0.6122449 9 -2.97116
0.08163265 0.6326531 9 -2.272443
0.08163265 0.6530612 9 -1.590894
0.08163265 0.6734694 9 -0.9710931
0.08163265 0.6938776 9 -0.4535821
0.08163265 0.7142857 9 -0.07221146
0.08163265 0.7346939 9 0.1480733
0.08163265 0.755102 9 0.1928633
0.08163265 0.7755102 9 0.05922877
0.08163265 0.7959184 9 -0.2440892
0.08163265 0.8163265 9 -0.6972504
0.08163265 0.8367347 9 -1.270614
0.08163265 0.8571429 9 -1.926675
0.08163265 0.877551 9 -2.622521
0.08163265 0.8979592 9 -3.312637
0.08163265 0.9183673 9 -3.951881
0.08163265 0.9387755 9 -4.498441
0.08163265 0.9591837 9 -4.916566
0.08163265 0.9795918 9 -5.178906
0.08163265 1 9 -5.268302
0.1020408 0 9 -5.171922
0.1020408 0.02040816 9 -5.082526
0.1020408 0.04081633 9 -4.820186
0.1020408 0.06122449 9 -4.402061
0.1020408 0.08163265 9 -3.855501
0.1020408 0.1020408 9 -3.216256
0.1020408 0.122449 9 -2.526141
0.1020408 0.1428571 9 -1.830295
0.1020408 0.1632653 9 -1.174233
0.1020408 0.1836735 9 -0.6008703
0.1020408 0.2040816 9 -0.1477091
0.1020408 0.2244898 9 0.1556089
0.1020408 0.244898 9 0.2892434
0.1020408 0.2653061 9 0.2444534
0.1020408 0.2857143 9 0.02416862
0.1020408 0.3061224 9 -0.357202
0.1020408 0.3265306 9 -0.874713
0.1020408 0.3469388 9 -1.494514
0.1020408 0.3673469 9 -2.176063
0.1020408 0.3877551 9 -2.87478
0.1020408 0.4081633 9 -3.544962
0.1020408 0.4285714 9 -4.142773
0.1020408 0.4489796 9 -4.629108
0.1020408 0.4693878 9 -4.972157
0.1020408 0.4897959 9 -5.149481
0.1020408 0.5102041 9 -5.149481
0.1020408 0.5306122 9 -4.972157
0.1020408 0.5510204 9 -4.629108
0.1020408 0.5714286 9 -4.142773
0.1020408 0.5918367 9 -3.544962
0.1020408 0.6122449 9 -2.87478
0.1020408 0.6326531 9 -2.176063
0.1020408 0.6530612 9 -1.494514
0.1020408 0.6734694 9 -0.874713
0.1020408 0.6938776 9 -0.357202
0.1020408 0.7142857 9 0.02416862
0.1020408 0.7346939 9 0.2444534
0.1020408 0.755102 9 0.2892434
0.1020408 0.7755102 9 0.1556089
0.1020408 0.7959184 9 -0.1477091
0.1020408 0.8163265 9 -0.6008703
0.1020408 0.8367347 9 -1.174233
0.1020408 0.8571429 9 -1.830295
0.1020408 0.877551 9 -2.526141
0.1020408 0.8979592 9 -3.216256
0.1020408 0.9183673 9 -3.855501
0.1020408 0.9387755 9 -4.402061
0.1020408 0.9591837 9 -4.820186
0.1020408 0.9795918 9 -5.082526
0.1020408 1 9 -5.171922
0.122449 0 9 -5.067872
0.122449 0.02040816 9 -4.978476
0.122449 0.04081633 9 -4.716136
0.122449 0.06122449 9 -4.298011
0.122449 0.08163265 9 -3.751451
0.122449 0.1020408 9 -3.112206
0.122449 0.122449 9 -2.422091
0.122449 0.1428571 9 -1.726245
0.122449 0.1632653 9 -1.070183
0.122449 0.1836735 9 -0.4968203
0.122449 0.2040816 9 -0.04365904
0.122449 0.2244898 9 0.2596589
0.122449 0.244898 9 0.3932934
0.122449 0.2653061 9 0.3485034
0.122449 0.2857143 9 0.1282187
0.122449 0.3061224 9 -0.253152
0.122449 0.3265306 9 -0.7706629
0.122449 0.3469388 9 -1.390464
0.122449 0.3673469 9 -2.072013
0.122449 0.3877551 9 -2.77073
0.122449 0.4081633 9 -3.440912
0.122449 0.4285714 9 -4.038723
0.122449 0.4489796 9 -4.525058
0.122449 0.4693878 9 -4.868107
0.122449 0.4897959 9 -5.045431
0.122449 0.5102041 9 -5.045431
0.122449 0.5306122 9 -4.868107
0.122449 0.5510204 9 -4.525058
0.122449 0.5714286 9 -4.038723
0.122449 0.5918367 9 -3.440912
0.122449 0.6122449 9 -2.77073
0.122449 0.6326531 9 -2.072013
0.122449 0.6530612 9 -1.390464
0.122449 0.6734694 9 -0.7706629
0.122449 0.6938776 9 -0.253152
0.122449 0.7142857 9 0.1282187
0.122449 0.7346939 9 0.3485034
0.122449 0.755102 9 0.3932934
0.122449 0.7755102 9 0.2596589
0.122449 0.7959184 9 -0.04365904
0.122449 0.8163265 9 -0.4968203
0.122449 0.8367347 9 -1.070183
0.122449 0.8571429 9 -1.726245
0.122449 0.877551 9 -2.422091
0.122449 0.8979592 9 -3.112206
0.122449 0.9183673 9 -3.751451
0.122449 0.9387755 9 -4.298011
0.122449 0.9591837 9 -4.716136
0.122449 0.9795918 9 -4.978476
0.122449 1 9 -5.067872
0.1428571 0 9 -4.962958
0.1428571 0.02040816 9 -4.873562
0.1428571 0.04081633 9 -4.611222
0.1428571 0.06122449 9 -4.193097
0.1428571 0.08163265 9 -3.646537
0.1428571 0.1020408 9 -3.007292
0.1428571 0.122449 9 -2.317177
0.1428571 0.1428571 9 -1.621331
0.1428571 0.1632653 9 -0.9652694
0.1428571 0.1836735 9 -0.3919063
0.1428571 0.2040816 9 0.06125499
0.1428571 0.2244898 9 0.3645729
0.1428571 0.244898 9 0.4982074
0.1428571 0.2653061 9 0.4534174
0.1428571 0.2857143 9 0.2331327
0.1428571 0.3061224 9 -0.1482379
0.1428571 0.3265306 9 -0.6657489
0.1428571 0.3469388 9 -1.28555
0.1428571 0.3673469 9 -1.967099
0.1428571 0.3877551 9 -2.665816
0.1428571 0.4081633 9 -3.335998
0.1428571 0.4285714 9 -3.933809
0.1428571 0.4489796 9 -4.420144
0.1428571 0.4693878 9 -4.763193
0.1428571 0.4897959 9 -4.940517
0.1428571 0.5102041 9 -4.940517
0.1428571 0.5306122 9 -4.763193
0.1428571 0.5510204 9 -4.420144
0.1428571 0.5714286 9 -3.933809
0.1428571 0.5918367 9 -3.335998
0.1428571 0.6122449 9 -2.665816
0.1428571 0.6326531 9 -1.967099
0.1428571 0.6530612 9 -1.28555
0.1428571 0.6734694 9 -0.6657489
0.1428571 0.6938776 9 -0.1482379
0.1428571 0.7142857 9 0.2331327
0.1428571 0.7346939 9 0.4534174
0.1428571 0.755102 9 0.4982074
0.1428571 0.7755102 9 0.3645729
0.1428571 0.7959184 9 0.06125499
0.1428571 0.8163265 9 -0.3919063
0.1428571 0.8367347 9 -0.9652694
0.1428571 0.8571429 9 -1.621331
0.1428571 0.877551 9 -2.317177
0.1428571 0.8979592 9 -3.007292
0.1428571 0.9183673 9 -3.646537
0.1428571 0.9387755 9 -4.193097
0.1428571 0.9591837 9 -4.611222
0.1428571 0.9795918 9 -4.873562
0.1428571 1 9 -4.962958
0.1632653 0 9 -4.864043
0.1632653 0.02040816 9 -4.774647
0.1632653 0.04081633 9 -4.512306
0.1632653 0.06122449 9 -4.094181
0.1632653 0.08163265 9 -3.547621
0.1632653 0.1020408 9 -2.908377
0.1632653 0.122449 9 -2.218261
0.1632653 0.1428571 9 -1.522415
0.1632653 0.1632653 9 -0.8663538
0.1632653 0.1836735 9 -0.2929907
0.1632653 0.2040816 9 0.1601706
0.1632653 0.2244898 9 0.4634885
0.1632653 0.244898 9 0.597123
0.1632653 0.2653061 9 0.552333
0.1632653 0.2857143 9 0.3320483
0.1632653 0.3061224 9 -0.04932235
0.1632653 0.3265306 9 -0.5668333
0.1632653 0.3469388 9 -1.186634
0.1632653 0.3673469 9 -1.868183
0.1632653 0.3877551 9 -2.566901
0.1632653 0.4081633 9 -3.237083
0.1632653 0.4285714 9 -3.834893
0.1632653 0.4489796 9 -4.321228
0.1632653 0.4693878 9 -4.664277
0.1632653 0.4897959 9 -4.841601
0.1632653 0.5102041 9 -4.841601
0.1632653 0.5306122 9 -4.664277
0.1632653 0.5510204 9 -4.321228
0.1632653 0.5714286 9 -3.834893
0.1632653 0.5918367 9 -3.237083
0.1632653 0.6122449 9 -2.566901
0.1632653 0.6326531 9 -1.868183
0.1632653 0.6530612 9 -1.186634
0.1632653 0.6734694 9 -0.5668333
0.1632653 0.6938776 9 -0.04932235
0.1632653 0.7142857 9 0.3320483
0.1632653 0.7346939 9 0.552333
0.1632653 0.755102 9 0.597123
0.1632653 0.7755102 9 0.4634885
0.1632653 0.7959184 9 0.1601706
0.1632653 0.8163265 9 -0.2929907
0.1632653 0.8367347 9 -0.8663538
0.1632653 0.8571429 9 -1.522415
0.1632653 0.877551 9 -2.218261
0.1632653 0.8979592 9 -2.908377
0.1632653 0.9183673 9 -3.547621
0.1632653 0.9387755 9 -4.094181
0.1632653 0.9591837 9 -4.512306
0.1632653 0.9795918 9 -4.774647
0.1632653 1 9 -4.864043
0.1836735 0 9 -4.777595
0.1836735 0.02040816 9 -4.6882
0.1836735 0.04081633 9 -4.425859
0.1836735 0.06122449 9 -4.007734
0.1836735 0.08163265 9 -3.461174
0.1836735 0.1020408 9 -2.82193
0.1836735 0.122449 9 -2.131814
0.1836735 0.1428571 9 -1.435968
0.1836735 0.1632653 9 -0.7799068
0.1836735 0.1836735 9 -0.2065436
0.1836735 0.2040816 9 0.2466176
0.1836735 0.2244898 9 0.5499356
0.1836735 0.244898 9 0.6835701
0.1836735 0.2653061 9 0.6387801
0.1836735 0.2857143 9 0.4184953
0.1836735 0.3061224 9 0.03712469
0.1836735 0.3265306 9 -0.4803863
0.1836735 0.3469388 9 -1.100187
0.1836735 0.3673469 9 -1.781736
0.1836735 0.3877551 9 -2.480454
0.1836735 0.4081633 9 -3.150636
0.1836735 0.4285714 9 -3.748446
0.1836735 0.4489796 9 -4.234781
0.1836735 0.4693878 9 -4.57783
0.1836735 0.4897959 9 -4.755154
0.1836735 0.5102041 9 -4.755154
0.1836735 0.5306122 9 -4.57783
0.1836735 0.5510204 9 -4.234781
0.1836735 0.5714286 9 -3.748446
0.1836735 0.5918367 9 -3.150636
0.1836735 0.6122449 9 -2.480454
0.1836735 0.6326531 9 -1.781736
0.1836735 0.6530612 9 -1.100187
0.1836735 0.6734694 9 -0.4803863
0.1836735 0.6938776 9 0.03712469
0.1836735 0.7142857 9 0.4184953
0.1836735 0.7346939 9 0.6387801
0.1836735 0.755102 9 0.6835701
0.1836735 0.7755102 9 0.5499356
0.1836735 0.7959184 9 0.2466176
0.1836735 0.8163265 9 -0.2065436
0.1836735 0.8367347 9 -0.7799068
0.1836735 0.8571429 9 -1.435968
0.1836735 0.877551 9 -2.131814
0.1836735 0.8979592 9 -2.82193
0.1836735 0.9183673 9 -3.461174
0.1836735 0.9387755 9 -4.007734
0.1836735 0.9591837 9 -4.425859
0.1836735 0.9795918 9 -4.6882
0.1836735 1 9 -4.777595
0.2040816 0 9 -4.709271
0.2040816 0.02040816 9 -4.619876
0.2040816 0.04081633 9 -4.357535
0.2040816 0.06122449 9 -3.93941
0.2040816 0.08163265 9 -3.39285
0.2040816 0.1020408 9 -2.753606
0.2040816 0.122449 9 -2.06349
0.2040816 0.1428571 9 -1.367644
0.2040816 0.1632653 9 -0.7115828
0.2040816 0.1836735 9 -0.1382196
0.2040816 0.2040816 9 0.3149416
0.2040816 0.2244898 9 0.6182595
0.2040816 0.244898 9 0.751894
0.2040816 0.2653061 9 0.7071041
0.2040816 0.2857143 9 0.4868193
0.2040816 0.3061224 9 0.1054487
0.2040816 0.3265306 9 -0.4120623
0.2040816 0.3469388 9 -1.031863
0.2040816 0.3673469 9 -1.713412
0.2040816 0.3877551 9 -2.41213
0.2040816 0.4081633 9 -3.082312
0.2040816 0.4285714 9 -3.680122
0.2040816 0.4489796 9 -4.166457
0.2040816 0.4693878 9 -4.509506
0.2040816 0.4897959 9 -4.68683
0.2040816 0.5102041 9 -4.68683
0.2040816 0.5306122 9 -4.509506
0.2040816 0.5510204 9 -4.166457
0.2040816 0.5714286 9 -3.680122
0.2040816 0.5918367 9 -3.082312
0.2040816 0.6122449 9 -2.41213
0.2040816 0.6326531 9 -1.713412
0.2040816 0.6530612 9 -1.031863
0.2040816 0.6734694 9 -0.4120623
0.2040816 0.6938776 9 0.1054487
0.2040816 0.7142857 9 0.4868193
0.2040816 0.7346939 9 0.7071041
0.2040816 0.755102 9 0.751894
0.2040816 0.7755102 9 0.6182595
0.2040816 0.7959184 9 0.3149416
0.2040816 0.8163265 9 -0.1382196
0.2040816 0.8367347 9 -0.7115828
0.2040816 0.8571429 9 -1.367644
0.2040816 0.877551 9 -2.06349
0.2040816 0.8979592 9 -2.753606
0.2040816 0.9183673 9 -3.39285
0.2040816 0.9387755 9 -3.93941
0.2040816 0.9591837 9 -4.357535
0.2040816 0.9795918 9 -4.619876
0.2040816 1 9 -4.709271
0.2244898 0 9 -4.66354
0.2244898 0.02040816 9 -4.574144
0.2244898 0.04081633 9 -4.311803
0.2244898 0.06122449 9 -3.893678
0.2244898 0.08163265 9 -3.347118
0.2244898 0.1020408 9 -2.707874
0.2244898 0.122449 9 -2.017758
0.2244898 0.1428571 9 -1.321912
0.2244898 0.1632653 9 -0.665851
0.2244898 0.1836735 9 -0.09248782
0.2244898 0.2040816 9 0.3606734
0.2244898 0.2244898 9 0.6639914
0.2244898 0.244898 9 0.7976259
0.2244898 0.2653061 9 0.7528359
0.2244898 0.2857143 9 0.5325511
0.2244898 0.3061224 9 0.1511805
0.2244898 0.3265306 9 -0.3663305
0.2244898 0.3469388 9 -0.9861312
0.2244898 0.3673469 9 -1.66768
0.2244898 0.3877551 9 -2.366398
0.2244898 0.4081633 9 -3.03658
0.2244898 0.4285714 9 -3.63439
0.2244898 0.4489796 9 -4.120725
0.2244898 0.4693878 9 -4.463775
0.2244898 0.4897959 9 -4.641099
0.2244898 0.5102041 9 -4.641099
0.2244898 0.5306122 9 -4.463775
0.2244898 0.5510204 9 -4.120725
0.2244898 0.5714286 9 -3.63439
0.2244898 0.5918367 9 -3.03658
0.2244898 0.6122449 9 -2.366398
0.2244898 0.6326531 9 -1.66768
0.2244898 0.6530612 9 -0.9861312
0.2244898 0.6734694 9 -0.3663305
0.2244898 0.6938776 9 0.1511805
0.2244898 0.7142857 9 0.5325511
0.2244898 0.7346939 9 0.7528359
0.2244898 0.755102 9 0.7976259
0.2244898 0.7755102 9 0.6639914
0.2244898 0.7959184 9 0.3606734
0.2244898 0.8163265 9 -0.09248782
0.2244898 0.8367347 9 -0.665851
0.2244898 0.8571429 9 -1.321912
0.2244898 0.877551 9 -2.017758
0.2244898 0.8979592 9 -2.707874
0.2244898 0.9183673 9 -3.347118
0.2244898 0.9387755 9 -3.893678
0.2244898 0.9591837 9 -4.311803
0.2244898 0.9795918 9 -4.574144
0.2244898 1 9 -4.66354
0.244898 0 9 -4.643391
0.244898 0.02040816 9 -4.553995
0.244898 0.04081633 9 -4.291655
0.244898 0.06122449 9 -3.87353
0.244898 0.08163265 9 -3.32697
0.244898 0.1020408 9 -2.687726
0.244898 0.122449 9 -1.99761
0.244898 0.1428571 9 -1.301764
0.244898 0.1632653 9 -0.6457027
0.244898 0.1836735 9 -0.0723395
0.244898 0.2040816 9 0.3808217
0.244898 0.2244898 9 0.6841397
0.244898 0.244898 9 0.8177742
0.244898 0.2653061 9 0.7729842
0.244898 0.2857143 9 0.5526994
0.244898 0.3061224 9 0.1713288
0.244898 0.3265306 9 -0.3461821
0.244898 0.3469388 9 -0.9659829
0.244898 0.3673469 9 -1.647532
0.244898 0.3877551 9 -2.346249
0.244898 0.4081633 9 -3.016432
0.244898 0.4285714 9 -3.614242
0.244898 0.4489796 9 -4.100577
0.244898 0.4693878 9 -4.443626
0.244898 0.4897959 9 -4.62095
0.244898 0.5102041 9 -4.62095
0.244898 0.5306122 9 -4.443626
0.244898 0.5510204 9 -4.100577
0.244898 0.5714286 9 -3.614242
0.244898 0.5918367 9 -3.016432
0.244898 0.6122449 9 -2.346249
0.244898 0.6326531 9 -1.647532
0.244898 0.6530612 9 -0.9659829
0.244898 0.6734694 9 -0.3461821
0.244898 0.6938776 9 0.1713288
0.244898 0.7142857 9 0.5526994
0.244898 0.7346939 9 0.7729842
0.244898 0.755102 9 0.8177742
0.244898 0.7755102 9 0.6841397
0.244898 0.7959184 9 0.3808217
0.244898 0.8163265 9 -0.0723395
0.244898 0.8367347 9 -0.6457027
0.244898 0.8571429 9 -1.301764
0.244898 0.877551 9 -1.99761
0.244898 0.8979592 9 -2.687726
0.244898 0.9183673 9 -3.32697
0.244898 0.9387755 9 -3.87353
0.244898 0.9591837 9 -4.291655
0.244898 0.9795918 9 -4.553995
0.244898 1 9 -4.643391
0.2653061 0 9 -4.650144
0.2653061 0.02040816 9 -4.560748
0.2653061 0.04081633 9 -4.298408
0.2653061 0.06122449 9 -3.880283
0.2653061 0.08163265 9 -3.333723
0.2653061 0.1020408 9 -2.694479
0.2653061 0.122449 9 -2.004363
0.2653061 0.1428571 9 -1.308517
0.2653061 0.1632653 9 -0.6524557
0.2653061 0.1836735 9 -0.07909257
0.2653061 0.2040816 9 0.3740687
0.2653061 0.2244898 9 0.6773866
0.2653061 0.244898 9 0.8110211
0.2653061 0.2653061 9 0.7662311
0.2653061 0.2857143 9 0.5459464
0.2653061 0.3061224 9 0.1645757
0.2653061 0.3265306 9 -0.3529352
0.2653061 0.3469388 9 -0.972736
0.2653061 0.3673469 9 -1.654285
0.2653061 0.3877551 9 -2.353003
0.2653061 0.4081633 9 -3.023185
0.2653061 0.4285714 9 -3.620995
0.2653061 0.4489796 9 -4.10733
0.2653061 0.4693878 9 -4.450379
0.2653061 0.4897959 9 -4.627703
0.2653061 0.5102041 9 -4.627703
0.2653061 0.5306122 9 -4.450379
0.2653061 0.5510204 9 -4.10733
0.2653061 0.5714286 9 -3.620995
0.2653061 0.5918367 9 -3.023185
0.2653061 0.6122449 9 -2.353003
0.2653061 0.6326531 9 -1.654285
0.2653061 0.6530612 9 -0.972736
0.2653061 0.6734694 9 -0.3529352
0.2653061 0.6938776 9 0.1645757
0.2653061 0.7142857 9 0.5459464
0.2653061 0.7346939 9 0.7662311
0.2653061 0.755102 9 0.8110211
0.2653061 0.7755102 9 0.6773866
0.2653061 0.7959184 9 0.3740687
0.2653061 0.8163265 9 -0.07909257
0.2653061 0.8367347 9 -0.6524557
0.2653061 0.8571429 9 -1.308517
0.2653061 0.877551 9 -2.004363
0.2653061 0.8979592 9 -2.694479
0.2653061 0.9183673 9 -3.333723
0.2653061 0.9387755 9 -3.880283
0.2653061 0.9591837 9 -4.298408
0.2653061 0.9795918 9 -4.560748
0.2653061 1 9 -4.650144
0.2857143 0 9 -4.683357
0.2857143 0.02040816 9 -4.593961
0.2857143 0.04081633 9 -4.331621
0.2857143 0.06122449 9 -3.913496
0.2857143 0.08163265 9 -3.366936
0.2857143 0.1020408 9 -2.727691
0.2857143 0.122449 9 -2.037576
0.2857143 0.1428571 9 -1.34173
0.2857143 0.1632653 9 -0.6856685
0.2857143 0.1836735 9 -0.1123053
0.2857143 0.2040816 9 0.3408559
0.2857143 0.2244898 9 0.6441739
0.2857143 0.244898 9 0.7778084
0.2857143 0.2653061 9 0.7330184
0.2857143 0.2857143 9 0.5127336
0.2857143 0.3061224 9 0.131363
0.2857143 0.3265306 9 -0.386148
0.2857143 0.3469388 9 -1.005949
0.2857143 0.3673469 9 -1.687498
0.2857143 0.3877551 9 -2.386215
0.2857143 0.4081633 9 -3.056397
0.2857143 0.4285714 9 -3.654208
0.2857143 0.4489796 9 -4.140543
0.2857143 0.4693878 9 -4.483592
0.2857143 0.4897959 9 -4.660916
0.2857143 0.5102041 9 -4.660916
0.2857143 0.5306122 9 -4.483592
0.2857143 0.5510204 9 -4.140543
0.2857143 0.5714286 9 -3.654208
0.2857143 0.5918367 9 -3.056397
0.2857143 0.6122449 9 -2.386215
0.2857143 0.6326531 9 -1.687498
0.2857143 0.6530612 9 -1.005949
0.2857143 0.6734694 9 -0.386148
0.2857143 0.6938776 9 0.131363
0.2857143 0.7142857 9 0.5127336
0.2857143 0.7346939 9 0.7330184
0.2857143 0.755102 9 0.7778084
0.2857143 0.7755102 9 0.6441739
0.2857143 0.7959184 9 0.3408559
0.2857143 0.8163265 9 -0.1123053
0.2857143 0.8367347 9 -0.6856685
0.2857143 0.8571429 9 -1.34173
0.2857143 0.877551 9 -2.037576
0.2857143 0.8979592 9 -2.727691
0.2857143 0.9183673 9 -3.366936
0.2857143 0.9387755 9 -3.913496
0.2857143 0.9591837 9 -4.331621
0.2857143 0.9795918 9 -4.593961
0.2857143 1 9 -4.683357
0.3061224 0 9 -4.740857
0.3061224 0.02040816 9 -4.651461
0.3061224 0.04081633 9 -4.389121
0.3061224 0.06122449 9 -3.970996
0.3061224 0.08163265 9 -3.424436
0.3061224 0.1020408 9 -2.785191
0.3061224 0.122449 9 -2.095076
0.3061224 0.1428571 9 -1.39923
0.3061224 0.1632653 9 -0.7431684
0.3061224 0.1836735 9 -0.1698053
0.3061224 0.2040816 9 0.283356
0.3061224 0.2244898 9 0.5866739
0.3061224 0.244898 9 0.7203084
0.3061224 0.2653061 9 0.6755184
0.3061224 0.2857143 9 0.4552337
0.3061224 0.3061224 9 0.07386302
0.3061224 0.3265306 9 -0.4436479
0.3061224 0.3469388 9 -1.063449
0.3061224 0.3673469 9 -1.744998
0.3061224 0.3877551 9 -2.443715
0.3061224 0.4081633 9 -3.113897
0.3061224 0.4285714 9 -3.711708
0.3061224 0.4489796 9 -4.198043
0.3061224 0.4693878 9 -4.541092
0.3061224 0.4897959 9 -4.718416
0.3061224 0.5102041 9 -4.718416
0.3061224 0.5306122 9 -4.541092
0.3061224 0.5510204 9 -4.198043
0.3061224 0.5714286 9 -3.711708
0.3061224 0.5918367 9 -3.113897
0.3061224 0.6122449 9 -2.443715
0.3061224 0.6326531 9 -1.744998
0.3061224 0.6530612 9 -1.063449
0.3061224 0.6734694 9 -0.4436479
0.3061224 0.6938776 9 0.07386302
0.3061224 0.7142857 9 0.4552337
0.3061224 0.7346939 9 0.6755184
0.3061224 0.755102 9 0.7203084
0.3061224 0.7755102 9 0.5866739
0.3061224 0.7959184 9 0.283356
0.3061224 0.8163265 9 -0.1698053
0.3061224 0.8367347 9 -0.7431684
0.3061224 0.8571429 9 -1.39923
0.3061224 0.877551 9 -2.095076
0.3061224 0.8979592 9 -2.785191
0.3061224 0.9183673 9 -3.424436
0.3061224 0.9387755 9 -3.970996
0.3061224 0.9591837 9 -4.389121
0.3061224 0.9795918 9 -4.651461
0.3061224 1 9 -4.740857
0.3265306 0 9 -4.818883
0.3265306 0.02040816 9 -4.729487
0.3265306 0.04081633 9 -4.467147
0.3265306 0.06122449 9 -4.049022
0.3265306 0.08163265 9 -3.502462
0.3265306 0.1020408 9 -2.863218
0.3265306 0.122449 9 -2.173102
0.3265306 0.1428571 9 -1.477256
0.3265306 0.1632653 9 -0.8211945
0.3265306 0.1836735 9 -0.2478314
0.3265306 0.2040816 9 0.2053299
0.3265306 0.2244898 9 0.5086478
0.3265306 0.244898 9 0.6422823
0.3265306 0.2653061 9 0.5974923
0.3265306 0.2857143 9 0.3772076
0.3265306 0.3061224 9 -0.004163083
0.3265306 0.3265306 9 -0.521674
0.3265306 0.3469388 9 -1.141475
0.3265306 0.3673469 9 -1.823024
0.3265306 0.3877551 9 -2.521741
0.3265306 0.4081633 9 -3.191924
0.3265306 0.4285714 9 -3.789734
0.3265306 0.4489796 9 -4.276069
0.3265306 0.4693878 9 -4.619118
0.3265306 0.4897959 9 -4.796442
0.3265306 0.5102041 9 -4.796442
0.3265306 0.5306122 9 -4.619118
0.3265306 0.5510204 9 -4.276069
0.3265306 0.5714286 9 -3.789734
0.3265306 0.5918367 9 -3.191924
0.3265306 0.6122449 9 -2.521741
0.3265306 0.6326531 9 -1.823024
0.3265306 0.6530612 9 -1.141475
0.3265306 0.6734694 9 -0.521674
0.3265306 0.6938776 9 -0.004163083
0.3265306 0.7142857 9 0.3772076
0.3265306 0.7346939 9 0.5974923
0.3265306 0.755102 9 0.6422823
0.3265306 0.7755102 9 0.5086478
0.3265306 0.7959184 9 0.2053299
0.3265306 0.8163265 9 -0.2478314
0.3265306 0.8367347 9 -0.8211945
0.3265306 0.8571429 9 -1.477256
0.3265306 0.877551 9 -2.173102
0.3265306 0.8979592 9 -2.863218
0.3265306 0.9183673 9 -3.502462
0.3265306 0.9387755 9 -4.049022
0.3265306 0.9591837 9 -4.467147
0.3265306 0.9795918 9 -4.729487
0.3265306 1 9 -4.818883
0.3469388 0 9 -4.912332
0.3469388 0.02040816 9 -4.822936
0.3469388 0.04081633 9 -4.560595
0.3469388 0.06122449 9 -4.14247
0.3469388 0.08163265 9 -3.59591
0.3469388 0.1020408 9 -2.956666
0.3469388 0.122449 9 -2.26655
0.3469388 0.1428571 9 -1.570704
0.3469388 0.1632653 9 -0.9146431
0.3469388 0.1836735 9 -0.3412799
0.3469388 0.2040816 9 0.1118813
0.3469388 0.2244898 9 0.4151993
0.3469388 0.244898 9 0.5488338
0.3469388 0.2653061 9 0.5040438
0.3469388 0.2857143 9 0.283759
0.3469388 0.3061224 9 -0.09761161
0.3469388 0.3265306 9 -0.6151226
0.3469388 0.3469388 9 -1.234923
0.3469388 0.3673469 9 -1.916473
0.3469388 0.3877551 9 -2.61519
0.3469388 0.4081633 9 -3.285372
0.3469388 0.4285714 9 -3.883182
0.3469388 0.4489796 9 -4.369518
0.3469388 0.4693878 9 -4.712567
0.3469388 0.4897959 9 -4.889891
0.3469388 0.5102041 9 -4.889891
0.3469388 0.5306122 9 -4.712567
0.3469388 0.5510204 9 -4.369518
0.3469388 0.5714286 9 -3.883182
0.3469388 0.5918367 9 -3.285372
0.3469388 0.6122449 9 -2.61519
0.3469388 0.6326531 9 -1.916473
0.3469388 0.6530612 9 -1.234923
0.3469388 0.6734694 9 -0.6151226
0.3469388 0.6938776 9 -0.09761161
0.3469388 0.7142857 9 0.283759
0.3469388 0.7346939 9 0.5040438
0.3469388 0.755102 9 0.5488338
0.3469388 0.7755102 9 0.4151993
0.3469388 0.7959184 9 0.1118813
0.3469388 0.8163265 9 -0.3412799
0.3469388 0.8367347 9 -0.9146431
0.3469388 0.8571429 9 -1.570704
0.3469388 0.877551 9 -2.26655
0.3469388 0.8979592 9 -2.956666
0.3469388 0.9183673 9 -3.59591
0.3469388 0.9387755 9 -4.14247
0.3469388 0.9591837 9 -4.560595
0.3469388 0.9795918 9 -4.822936
0.3469388 1 9 -4.912332
0.3673469 0 9 -5.01509
0.3673469 0.02040816 9 -4.925694
0.3673469 0.04081633 9 -4.663354
0.3673469 0.06122449 9 -4.245229
0.3673469 0.08163265 9 -3.698669
0.3673469 0.1020408 9 -3.059425
0.3673469 0.122449 9 -2.369309
0.3673469 0.1428571 9 -1.673463
0.3673469 0.1632653 9 -1.017402
0.3673469 0.1836735 9 -0.4440384
0.3673469 0.2040816 9 0.009122867
0.3673469 0.2244898 9 0.3124408
0.3673469 0.244898 9 0.4460753
0.3673469 0.2653061 9 0.4012853
0.3673469 0.2857143 9 0.1810006
0.3673469 0.3061224 9 -0.2003701
0.3673469 0.3265306 9 -0.717881
0.3673469 0.3469388 9 -1.337682
0.3673469 0.3673469 9 -2.019231
0.3673469 0.3877551 9 -2.717948
0.3673469 0.4081633 9 -3.38813
0.3673469 0.4285714 9 -3.985941
0.3673469 0.4489796 9 -4.472276
0.3673469 0.4693878 9 -4.815325
0.3673469 0.4897959 9 -4.992649
0.3673469 0.5102041 9 -4.992649
0.3673469 0.5306122 9 -4.815325
0.3673469 0.5510204 9 -4.472276
0.3673469 0.5714286 9 -3.985941
0.3673469 0.5918367 9 -3.38813
0.3673469 0.6122449 9 -2.717948
0.3673469 0.6326531 9 -2.019231
0.3673469 0.6530612 9 -1.337682
0.3673469 0.6734694 9 -0.717881
0.3673469 0.6938776 9 -0.2003701
0.3673469 0.7142857 9 0.1810006
0.3673469 0.7346939 9 0.4012853
0.3673469 0.755102 9 0.4460753
0.3673469 0.7755102 9 0.3124408
0.3673469 0.7959184 9 0.009122867
0.3673469 0.8163265 9 -0.4440384
0.3673469 0.8367347 9 -1.017402
0.3673469 0.8571429 9 -1.673463
0.3673469 0.877551 9 -2.369309
0.3673469 0.8979592 9 -3.059425
0.3673469 0.9183673 9 -3.698669
0.3673469 0.9387755 9 -4.245229
0.3673469 0.9591837 9 -4.663354
0.3673469 0.9795918 9 -4.925694
0.3673469 1 9 -5.01509
0.3877551 0 9 -5.120437
0.3877551 0.02040816 9 -5.031041
0.3877551 0.04081633 9 -4.768701
0.3877551 0.06122449 9 -4.350576
0.3877551 0.08163265 9 -3.804016
0.3877551 0.1020408 9 -3.164771
0.3877551 0.122449 9 -2.474656
0.3877551 0.1428571 9 -1.77881
0.3877551 0.1632653 9 -1.122748
0.3877551 0.1836735 9 -0.5493853
0.3877551 0.2040816 9 -0.09622406
0.3877551 0.2244898 9 0.2070939
0.3877551 0.244898 9 0.3407284
0.3877551 0.2653061 9 0.2959384
0.3877551 0.2857143 9 0.07565363
0.3877551 0.3061224 9 -0.305717
0.3877551 0.3265306 9 -0.823228
0.3877551 0.3469388 9 -1.443029
0.3877551 0.3673469 9 -2.124578
0.3877551 0.3877551 9 -2.823295
0.3877551 0.4081633 9 -3.493477
0.3877551 0.4285714 9 -4.091288
0.3877551 0.4489796 9 -4.577623
0.3877551 0.4693878 9 -4.920672
0.3877551 0.4897959 9 -5.097996
0.3877551 0.5102041 9 -5.097996
0.3877551 0.5306122 9 -4.920672
0.3877551 0.5510204 9 -4.577623
0.3877551 0.5714286 9 -4.091288
0.3877551 0.5918367 9 -3.493477
0.3877551 0.6122449 9 -2.823295
0.3877551 0.6326531 9 -2.124578
0.3877551 0.6530612 9 -1.443029
0.3877551 0.6734694 9 -0.823228
0.3877551 0.6938776 9 -0.305717
0.3877551 0.7142857 9 0.07565363
0.3877551 0.7346939 9 0.2959384
0.3877551 0.755102 9 0.3407284
0.3877551 0.7755102 9 0.2070939
0.3877551 0.7959184 9 -0.09622406
0.3877551 0.8163265 9 -0.5493853
0.3877551 0.8367347 9 -1.122748
0.3877551 0.8571429 9 -1.77881
0.3877551 0.877551 9 -2.474656
0.3877551 0.8979592 9 -3.164771
0.3877551 0.9183673 9 -3.804016
0.3877551 0.9387755 9 -4.350576
0.3877551 0.9591837 9 -4.768701
0.3877551 0.9795918 9 -5.031041
0.3877551 1 9 -5.120437
0.4081633 0 9 -5.221482
0.4081633 0.02040816 9 -5.132086
0.4081633 0.04081633 9 -4.869746
0.4081633 0.06122449 9 -4.45162
0.4081633 0.08163265 9 -3.90506
0.4081633 0.1020408 9 -3.265816
0.4081633 0.122449 9 -2.5757
0.4081633 0.1428571 9 -1.879854
0.4081633 0.1632653 9 -1.223793
0.4081633 0.1836735 9 -0.6504299
0.4081633 0.2040816 9 -0.1972687
0.4081633 0.2244898 9 0.1060492
0.4081633 0.244898 9 0.2396837
0.4081633 0.2653061 9 0.1948938
0.4081633 0.2857143 9 -0.025391
0.4081633 0.3061224 9 -0.4067616
0.4081633 0.3265306 9 -0.9242726
0.4081633 0.3469388 9 -1.544073
0.4081633 0.3673469 9 -2.225623
0.4081633 0.3877551 9 -2.92434
0.4081633 0.4081633 9 -3.594522
0.4081633 0.4285714 9 -4.192332
0.4081633 0.4489796 9 -4.678668
0.4081633 0.4693878 9 -5.021717
0.4081633 0.4897959 9 -5.199041
0.4081633 0.5102041 9 -5.199041
0.4081633 0.5306122 9 -5.021717
0.4081633 0.5510204 9 -4.678668
0.4081633 0.5714286 9 -4.192332
0.4081633 0.5918367 9 -3.594522
0.4081633 0.6122449 9 -2.92434
0.4081633 0.6326531 9 -2.225623
0.4081633 0.6530612 9 -1.544073
0.4081633 0.6734694 9 -0.9242726
0.4081633 0.6938776 9 -0.4067616
0.4081633 0.7142857 9 -0.025391
0.4081633 0.7346939 9 0.1948938
0.4081633 0.755102 9 0.2396837
0.4081633 0.7755102 9 0.1060492
0.4081633 0.7959184 9 -0.1972687
0.4081633 0.8163265 9 -0.6504299
0.4081633 0.8367347 9 -1.223793
0.4081633 0.8571429 9 -1.879854
0.4081633 0.877551 9 -2.5757
0.4081633 0.8979592 9 -3.265816
0.4081633 0.9183673 9 -3.90506
0.4081633 0.9387755 9 -4.45162
0.4081633 0.9591837 9 -4.869746
0.4081633 0.9795918 9 -5.132086
0.4081633 1 9 -5.221482
0.4285714 0 9 -5.311615
0.4285714 0.02040816 9 -5.222219
0.4285714 0.04081633 9 -4.959878
0.4285714 0.06122449 9 -4.541753
0.4285714 0.08163265 9 -3.995193
0.4285714 0.1020408 9 -3.355949
0.4285714 0.122449 9 -2.665833
0.4285714 0.1428571 9 -1.969987
0.4285714 0.1632653 9 -1.313926
0.4285714 0.1836735 9 -0.7405629
0.4285714 0.2040816 9 -0.2874017
0.4285714 0.2244898 9 0.01591626
0.4285714 0.244898 9 0.1495508
0.4285714 0.2653061 9 0.1047608
0.4285714 0.2857143 9 -0.115524
0.4285714 0.3061224 9 -0.4968946
0.4285714 0.3265306 9 -1.014406
0.4285714 0.3469388 9 -1.634206
0.4285714 0.3673469 9 -2.315756
0.4285714 0.3877551 9 -3.014473
0.4285714 0.4081633 9 -3.684655
0.4285714 0.4285714 9 -4.282465
0.4285714 0.4489796 9 -4.768801
0.4285714 0.4693878 9 -5.11185
0.4285714 0.4897959 9 -5.289174
0.4285714 0.5102041 9 -5.289174
0.4285714 0.5306122 9 -5.11185
0.4285714 0.5510204 9 -4.768801
0.4285714 0.5714286 9 -4.282465
0.4285714 0.5918367 9 -3.684655
0.4285714 0.6122449 9 -3.014473
0.4285714 0.6326531 9 -2.315756
0.4285714 0.6530612 9 -1.634206
0.4285714 0.6734694 9 -1.014406
0.4285714 0.6938776 9 -0.4968946
0.4285714 0.7142857 9 -0.115524
0.4285714 0.7346939 9 0.1047608
0.4285714 0.755102 9 0.1495508
0.4285714 0.7755102 9 0.01591626
0.4285714 0.7959184 9 -0.2874017
0.4285714 0.8163265 9 -0.7405629
0.4285714 0.8367347 9 -1.313926
0.4285714 0.8571429 9 -1.969987
0.4285714 0.877551 9 -2.665833
0.4285714 0.8979592 9 -3.355949
0.4285714 0.9183673 9 -3.995193
0.4285714 0.9387755 9 -4.541753
0.4285714 0.9591837 9 -4.959878
0.4285714 0.9795918 9 -5.222219
0.4285714 1 9 -5.311615
0.4489796 0 9 -5.38494
0.4489796 0.02040816 9 -5.295545
0.4489796 0.04081633 9 -5.033204
0.4489796 0.06122449 9 -4.615079
0.4489796 0.08163265 9 -4.068519
0.4489796 0.1020408 9 -3.429275
0.4489796 0.122449 9 -2.739159
0.4489796 0.1428571 9 -2.043313
0.4489796 0.1632653 9 -1.387252
0.4489796 0.1836735 9 -0.8138886
0.4489796 0.2040816 9 -0.3607274
0.4489796 0.2244898 9 -0.05740943
0.4489796 0.244898 9 0.07622507
0.4489796 0.2653061 9 0.03143509
0.4489796 0.2857143 9 -0.1888497
0.4489796 0.3061224 9 -0.5702203
0.4489796 0.3265306 9 -1.087731
0.4489796 0.3469388 9 -1.707532
0.4489796 0.3673469 9 -2.389081
0.4489796 0.3877551 9 -3.087799
0.4489796 0.4081633 9 -3.757981
0.4489796 0.4285714 9 -4.355791
0.4489796 0.4489796 9 -4.842126
0.4489796 0.4693878 9 -5.185175
0.4489796 0.4897959 9 -5.362499
0.4489796 0.5102041 9 -5.362499
0.4489796 0.5306122 9 -5.185175
0.4489796 0.5510204 9 -4.842126
0.4489796 0.5714286 9 -4.355791
0.4489796 0.5918367 9 -3.757981
0.4489796 0.6122449 9 -3.087799
0.4489796 0.6326531 9 -2.389081
0.4489796 0.6530612 9 -1.707532
0.4489796 0.6734694 9 -1.087731
0.4489796 0.6938776 9 -0.5702203
0.4489796 0.7142857 9 -0.1888497
0.4489796 0.7346939 9 0.03143509
0.4489796 0.755102 9 0.07622507
0.4489796 0.7755102 9 -0.05740943
0.4489796 0.7959184 9 -0.3607274
0.4489796 0.8163265 9 -0.8138886
0.4489796 0.8367347 9 -1.387252
0.4489796 0.8571429 9 -2.043313
0.4489796 0.877551 9 -2.739159
0.4489796 0.8979592 9 -3.429275
0.4489796 0.9183673 9 -4.068519
0.4489796 0.9387755 9 -4.615079
0.4489796 0.9591837 9 -5.033204
0.4489796 0.9795918 9 -5.295545
0.4489796 1 9 -5.38494
0.4693878 0 9 -5.436663
0.4693878 0.02040816 9 -5.347267
0.4693878 0.04081633 9 -5.084926
0.4693878 0.06122449 9 -4.666801
0.4693878 0.08163265 9 -4.120241
0.4693878 0.1020408 9 -3.480997
0.4693878 0.122449 9 -2.790881
0.4693878 0.1428571 9 -2.095035
0.4693878 0.1632653 9 -1.438974
0.4693878 0.1836735 9 -0.8656108
0.4693878 0.2040816 9 -0.4124495
0.4693878 0.2244898 9 -0.1091316
0.4693878 0.244898 9 0.02450291
0.4693878 0.2653061 9 -0.02028708
0.4693878 0.2857143 9 -0.2405718
0.4693878 0.3061224 9 -0.6219425
0.4693878 0.3265306 9 -1.139453
0.4693878 0.3469388 9 -1.759254
0.4693878 0.3673469 9 -2.440803
0.4693878 0.3877551 9 -3.139521
0.4693878 0.4081633 9 -3.809703
0.4693878 0.4285714 9 -4.407513
0.4693878 0.4489796 9 -4.893848
0.4693878 0.4693878 9 -5.236898
0.4693878 0.4897959 9 -5.414222
0.4693878 0.5102041 9 -5.414222
0.4693878 0.5306122 9 -5.236898
0.4693878 0.5510204 9 -4.893848
0.4693878 0.5714286 9 -4.407513
0.4693878 0.5918367 9 -3.809703
0.4693878 0.6122449 9 -3.139521
0.4693878 0.6326531 9 -2.440803
0.4693878 0.6530612 9 -1.759254
0.4693878 0.6734694 9 -1.139453
0.4693878 0.6938776 9 -0.6219425
0.4693878 0.7142857 9 -0.2405718
0.4693878 0.7346939 9 -0.02028708
0.4693878 0.755102 9 0.02450291
0.4693878 0.7755102 9 -0.1091316
0.4693878 0.7959184 9 -0.4124495
0.4693878 0.8163265 9 -0.8656108
0.4693878 0.8367347 9 -1.438974
0.4693878 0.8571429 9 -2.095035
0.4693878 0.877551 9 -2.790881
0.4693878 0.8979592 9 -3.480997
0.4693878 0.9183673 9 -4.120241
0.4693878 0.9387755 9 -4.666801
0.4693878 0.9591837 9 -5.084926
0.4693878 0.9795918 9 -5.347267
0.4693878 1 9 -5.436663
0.4897959 0 9 -5.463398
0.4897959 0.02040816 9 -5.374002
0.4897959 0.04081633 9 -5.111662
0.4897959 0.06122449 9 -4.693537
0.4897959 0.08163265 9 -4.146977
0.4897959 0.1020408 9 -3.507732
0.4897959 0.122449 9 -2.817617
0.4897959 0.1428571 9 -2.121771
0.4897959 0.1632653 9 -1.465709
0.4897959 0.1836735 9 -0.8923462
0.4897959 0.2040816 9 -0.439185
0.4897959 0.2244898 9 -0.1358671
0.4897959 0.244898 9 -0.002232557
0.4897959 0.2653061 9 -0.04702254
0.4897959 0.2857143 9 -0.2673073
0.4897959 0.3061224 9 -0.6486779
0.4897959 0.3265306 9 -1.166189
0.4897959 0.3469388 9 -1.78599
0.4897959 0.3673469 9 -2.467539
0.4897959 0.3877551 9 -3.166256
0.4897959 0.4081633 9 -3.836438
0.4897959 0.4285714 9 -4.434249
0.4897959 0.4489796 9 -4.920584
0.4897959 0.4693878 9 -5.263633
0.4897959 0.4897959 9 -5.440957
0.4897959 0.5102041 9 -5.440957
0.4897959 0.5306122 9 -5.263633
0.4897959 0.5510204 9 -4.920584
0.4897959 0.5714286 9 -4.434249
0.4897959 0.5918367 9 -3.836438
0.4897959 0.6122449 9 -3.166256
0.4897959 0.6326531 9 -2.467539
0.4897959 0.6530612 9 -1.78599
0.4897959 0.6734694 9 -1.166189
0.4897959 0.6938776 9 -0.6486779
0.4897959 0.7142857 9 -0.2673073
0.4897959 0.7346939 9 -0.04702254
0.4897959 0.755102 9 -0.002232557
0.4897959 0.7755102 9 -0.1358671
0.4897959 0.7959184 9 -0.439185
0.4897959 0.8163265 9 -0.8923462
0.4897959 0.8367347 9 -1.465709
0.4897959 0.8571429 9 -2.121771
0.4897959 0.877551 9 -2.817617
0.4897959 0.8979592 9 -3.507732
0.4897959 0.9183673 9 -4.146977
0.4897959 0.9387755 9 -4.693537
0.4897959 0.9591837 9 -5.111662
0.4897959 0.9795918 9 -5.374002
0.4897959 1 9 -5.463398
0.5102041 0 9 -5.463398
0.5102041 0.02040816 9 -5.374002
0.5102041 0.04081633 9 -5.111662
0.5102041 0.06122449 9 -4.693537
0.5102041 0.08163265 9 -4.146977
0.5102041 0.1020408 9 -3.507732
0.5102041 0.122449 9 -2.817617
0.5102041 0.1428571 9 -2.121771
0.5102041 0.1632653 9 -1.465709
0.5102041 0.1836735 9 -0.8923462
0.5102041 0.2040816 9 -0.439185
0.5102041 0.2244898 9 -0.1358671
0.5102041 0.244898 9 -0.002232557
0.5102041 0.2653061 9 -0.04702254
0.5102041 0.2857143 9 -0.2673073
0.5102041 0.3061224 9 -0.6486779
0.5102041 0.3265306 9 -1.166189
0.5102041 0.3469388 9 -1.78599
0.5102041 0.3673469 9 -2.467539
0.5102041 0.3877551 9 -3.166256
0.5102041 0.4081633 9 -3.836438
0.5102041 0.4285714 9 -4.434249
0.5102041 0.4489796 9 -4.920584
0.5102041 0.4693878 9 -5.263633
0.5102041 0.4897959 9 -5.440957
0.5102041 0.5102041 9 -5.440957
0.5102041 0.5306122 9 -5.263633
0.5102041 0.5510204 9 -4.920584
0.5102041 0.5714286 9 -4.434249
0.5102041 0.5918367 9 -3.836438
0.5102041 0.6122449 9 -3.166256
0.5102041 0.6326531 9 -2.467539
0.5102041 0.6530612 9 -1.78599
0.5102041 0.6734694 9 -1.166189
0.5102041 0.6938776 9 -0.6486779
0.5102041 0.7142857 9 -0.2673073
0.5102041 0.7346939 9 -0.04702254
0.5102041 0.755102 9 -0.002232557
0.5102041 0.7755102 9 -0.1358671
0.5102041 0.7959184 9 -0.439185
0.5102041 0.8163265 9 -0.8923462
0.5102041 0.8367347 9 -1.465709
0.5102041 0.8571429 9 -2.121771
0.5102041 0.877551 9 -2.817617
0.5102041 0.8979592 9 -3.507732
0.5102041 0.9183673 9 -4.146977
0.5102041 0.9387755 9 -4.693537
0.5102041 0.9591837 9 -5.111662
0.5102041 0.9795918 9 -5.374002
0.5102041 1 9 -5.463398
0.5306122 0 9 -5.436663
0.5306122 0.02040816 9 -5.347267
0.5306122 0.04081633 9 -5.084926
0.5306122 0.06122449 9 -4.666801
0.5306122 0.08163265 9 -4.120241
0.5306122 0.1020408 9 -3.480997
0.5306122 0.122449 9 -2.790881
0.5306122 0.1428571 9 -2.095035
0.5306122 0.1632653 9 -1.438974
0.5306122 0.1836735 9 -0.8656108
0.5306122 0.2040816 9 -0.4124495
0.5306122 0.2244898 9 -0.1091316
0.5306122 0.244898 9 0.02450291
0.5306122 0.2653061 9 -0.02028708
0.5306122 0.2857143 9 -0.2405718
0.5306122 0.3061224 9 -0.6219425
0.5306122 0.3265306 9 -1.139453
0.5306122 0.3469388 9 -1.759254
0.5306122 0.3673469 9 -2.440803
0.5306122 0.3877551 9 -3.139521
0.5306122 0.4081633 9 -3.809703
0.5306122 0.4285714 9 -4.407513
0.5306122 0.4489796 9 -4.893848
0.5306122 0.4693878 9 -5.236898
0.5306122 0.4897959 9 -5.414222
0.5306122 0.5102041 9 -5.414222
0.5306122 0.5306122 9 -5.236898
0.5306122 0.5510204 9 -4.893848
0.5306122 0.5714286 9 -4.407513
0.5306122 0.5918367 9 -3.809703
0.5306122 0.6122449 9 -3.139521
0.5306122 0.6326531 9 -2.440803
0.5306122 0.6530612 9 -1.759254
0.5306122 0.6734694 9 -1.139453
0.5306122 0.6938776 9 -0.6219425
0.5306122 0.7142857 9 -0.2405718
0.5306122 0.7346939 9 -0.02028708
0.5306122 0.755102 9 0.02450291
0.5306122 0.7755102 9 -0.1091316
0.5306122 0.7959184 9 -0.4124495
0.5306122 0.8163265 9 -0.8656108
0.5306122 0.8367347 9 -1.438974
0.5306122 0.8571429 9 -2.095035
0.5306122 0.877551 9 -2.790881
0.5306122 0.8979592 9 -3.480997
0.5306122 0.9183673 9 -4.120241
0.5306122 0.9387755 9 -4.666801
0.5306122 0.9591837 9 -5.084926
0.5306122 0.9795918 9 -5.347267
0.5306122 1 9 -5.436663
0.5510204 0 9 -5.38494
0.5510204 0.02040816 9 -5.295545
0.5510204 0.04081633 9 -5.033204
0.5510204 0.06122449 9 -4.615079
0.5510204 0.08163265 9 -4.068519
0.5510204 0.1020408 9 -3.429275
0.5510204 0.122449 9 -2.739159
0.5510204 0.1428571 9 -2.043313
0.5510204 0.1632653 9 -1.387252
0.5510204 0.1836735 9 -0.8138886
0.5510204 0.2040816 9 -0.3607274
0.5510204 0.2244898 9 -0.05740943
0.5510204 0.244898 9 0.07622507
0.5510204 0.2653061 9 0.03143509
0.5510204 0.2857143 9 -0.1888497
0.5510204 0.3061224 9 -0.5702203
0.5510204 0.3265306 9 -1.087731
0.5510204 0.3469388 9 -1.707532
0.5510204 0.3673469 9 -2.389081
0.5510204 0.3877551 9 -3.087799
0.5510204 0.4081633 9 -3.757981
0.5510204 0.4285714 9 -4.355791
0.5510204 0.4489796 9 -4.842126
0.5510204 0.4693878 9 -5.185175
0.5510204 0.4897959 9 -5.362499
0.5510204 0.5102041 9 -5.362499
0.5510204 0.5306122 9 -5.185175
0.5510204 0.5510204 9 -4.842126
0.5510204 0.5714286 9 -4.355791
0.5510204 0.5918367 9 -3.757981
0.5510204 0.6122449 9 -3.087799
0.5510204 0.6326531 9 -2.389081
0.5510204 0.6530612 9 -1.707532
0.5510204 0.6734694 9 -1.087731
0.5510204 0.6938776 9 -0.5702203
0.5510204 0.7142857 9 -0.1888497
0.5510204 0.7346939 9 0.03143509
0.5510204 0.755102 9 0.07622507
0.5510204 0.7755102 9 -0.05740943
0.5510204 0.7959184 9 -0.3607274
0.5510204 0.8163265 9 -0.8138886
0.5510204 0.8367347 9 -1.387252
0.5510204 0.8571429 9 -2.043313
0.5510204 0.877551 9 -2.739159
0.5510204 0.8979592 9 -3.429275
0.5510204 0.9183673 9 -4.068519
0.5510204 0.9387755 9 -4.615079
0.5510204 0.9591837 9 -5.033204
0.5510204 0.9795918 9 -5.295545
0.5510204 1 9 -5.38494
0.5714286 0 9 -5.311615
0.5714286 0.02040816 9 -5.222219
0.5714286 0.04081633 9 -4.959878
0.5714286 0.06122449 9 -4.541753
0.5714286 0.08163265 9 -3.995193
0.5714286 0.1020408 9 -3.355949
0.5714286 0.122449 9 -2.665833
0.5714286 0.1428571 9 -1.969987
0.5714286 0.1632653 9 -1.313926
0.5714286 0.1836735 9 -0.7405629
0.5714286 0.2040816 9 -0.2874017
0.5714286 0.2244898 9 0.01591626
0.5714286 0.244898 9 0.1495508
0.5714286 0.2653061 9 0.1047608
0.5714286 0.2857143 9 -0.115524
0.5714286 0.3061224 9 -0.4968946
0.5714286 0.3265306 9 -1.014406
0.5714286 0.3469388 9 -1.634206
0.5714286 0.3673469 9 -2.315756
0.5714286 0.3877551 9 -3.014473
0.5714286 0.4081633 9 -3.684655
0.5714286 0.4285714 9 -4.282465
0.5714286 0.4489796 9 -4.768801
0.5714286 0.4693878 9 -5.11185
0.5714286 0.4897959 9 -5.289174
0.5714286 0.5102041 9 -5.289174
0.5714286 0.5306122 9 -5.11185
0.5714286 0.5510204 9 -4.768801
0.5714286 0.5714286 9 -4.282465
0.5714286 0.5918367 9 -3.684655
0.5714286 0.6122449 9 -3.014473
0.5714286 0.6326531 9 -2.315756
0.5714286 0.6530612 9 -1.634206
0.5714286 0.6734694 9 -1.014406
0.5714286 0.6938776 9 -0.4968946
0.5714286 0.7142857 9 -0.115524
0.5714286 0.7346939 9 0.1047608
0.5714286 0.755102 9 0.1495508
0.5714286 0.7755102 9 0.01591626
0.5714286 0.7959184 9 -0.2874017
0.5714286 0.8163265 9 -0.7405629
0.5714286 0.8367347 9 -1.313926
0.5714286 0.8571429 9 -1.969987
0.5714286 0.877551 9 -2.665833
0.5714286 0.8979592 9 -3.355949
0.5714286 0.9183673 9 -3.995193
0.5714286 0.9387755 9 -4.541753
0.5714286 0.9591837 9 -4.959878
0.5714286 0.9795918 9 -5.222219
0.5714286 1 9 -5.311615
0.5918367 0 9 -5.221482
0.5918367 0.02040816 9 -5.132086
0.5918367 0.04081633 9 -4.869746
0.5918367 0.06122449 9 -4.45162
0.5918367 0.08163265 9 -3.90506
0.5918367 0.1020408 9 -3.265816
0.5918367 0.122449 9 -2.5757
0.5918367 0.1428571 9 -1.879854
0.5918367 0.1632653 9 -1.223793
0.5918367 0.1836735 9 -0.6504299
0.5918367 0.2040816 9 -0.1972687
0.5918367 0.2244898 9 0.1060492
0.5918367 0.244898 9 0.2396837
0.5918367 0.2653061 9 0.1948938
0.5918367 0.2857143 9 -0.025391
0.5918367 0.3061224 9 -0.4067616
0.5918367 0.3265306 9 -0.9242726
0.5918367 0.3469388 9 -1.544073
0.5918367 0.3673469 9 -2.225623
0.5918367 0.3877551 9 -2.92434
0.5918367 0.4081633 9 -3.594522
0.5918367 0.4285714 9 -4.192332
0.5918367 0.4489796 9 -4.678668
0.5918367 0.4693878 9 -5.021717
0.5918367 0.4897959 9 -5.199041
0.5918367 0.5102041 9 -5.199041
0.5918367 0.5306122 9 -5.021717
0.5918367 0.5510204 9 -4.678668
0.5918367 0.5714286 9 -4.192332
0.5918367 0.5918367 9 -3.594522
0.5918367 0.6122449 9 -2.92434
0.5918367 0.6326531 9 -2.225623
0.5918367 0.6530612 9 -1.544073
0.5918367 0.6734694 9 -0.9242726
0.5918367 0.6938776 9 -0.4067616
0.5918367 0.7142857 9 -0.025391
0.5918367 0.7346939 9 0.1948938
0.5918367 0.755102 9 0.2396837
0.5918367 0.7755102 9 0.1060492
0.5918367 0.7959184 9 -0.1972687
0.5918367 0.8163265 9 -0.6504299
0.5918367 0.8367347 9 -1.223793
0.5918367 0.8571429 9 -1.879854
0.5918367 0.877551 9 -2.5757
0.5918367 0.8979592 9 -3.265816
0.5918367 0.9183673 9 -3.90506
0.5918367 0.9387755 9 -4.45162
0.5918367 0.9591837 9 -4.869746
0.5918367 0.9795918 9 -5.132086
0.5918367 1 9 -5.221482
0.6122449 0 9 -5.120437
0.6122449 0.02040816 9 -5.031041
0.6122449 0.04081633 9 -4.768701
0.6122449 0.06122449 9 -4.350576
0.6122449 0.08163265 9 -3.804016
0.6122449 0.1020408 9 -3.164771
0.6122449 0.122449 9 -2.474656
0.6122449 0.1428571 9 -1.77881
0.6122449 0.1632653 9 -1.122748
0.6122449 0.1836735 9 -0.5493853
0.6122449 0.2040816 9 -0.09622406
0.6122449 0.2244898 9 0.2070939
0.6122449 0.244898 9 0.3407284
0.6122449 0.2653061 9 0.2959384
0.6122449 0.2857143 9 0.07565363
0.6122449 0.3061224 9 -0.305717
0.6122449 0.3265306 9 -0.823228
0.6122449 0.3469388 9 -1.443029
0.6122449 0.3673469 9 -2.124578
0.6122449 0.3877551 9 -2.823295
0.6122449 0.4081633 9 -3.493477
0.6122449 0.4285714 9 -4.091288
0.6122449 0.4489796 9 -4.577623
0.6122449 0.4693878 9 -4.920672
0.6122449 0.4897959 9 -5.097996
0.6122449 0.5102041 9 -5.097996
0.6122449 0.5306122 9 -4.920672
0.6122449 0.5510204 9 -4.577623
0.6122449 0.5714286 9 -4.091288
0.6122449 0.5918367 9 -3.493477
0.6122449 0.6122449 9 -2.823295
0.6122449 0.6326531 9 -2.124578
0.6122449 0.6530612 9 -1.443029
0.6122449 0.6734694 9 -0.823228
0.6122449 0.6938776 9 -0.305717
0.6122449 0.7142857 9 0.07565363
0.6122449 0.7346939 9 0.2959384
0.6122449 0.755102 9 0.3407284
0.6122449 0.7755102 9 0.2070939
0.6122449 0.7959184 9 -0.09622406
0.6122449 0.8163265 9 -0.5493853
0.6122449 0.8367347 9 -1.122748
0.6122449 0.8571429 9 -1.77881
0.6122449 0.877551 9 -2.474656
0.6122449 0.8979592 9 -3.164771
0.6122449 0.9183673 9 -3.804016
0.6122449 0.9387755 9 -4.350576
0.6122449 0.9591837 9 -4.768701
0.6122449 0.9795918 9 -5.031041
0.6122449 1 9 -5.120437
0.6326531 0 9 -5.01509
0.6326531 0.02040816 9 -4.925694
0.6326531 0.04081633 9 -4.663354
0.6326531 0.06122449 9 -4.245229
0.6326531 0.08163265 9 -3.698669
0.6326531 0.1020408 9 -3.059425
0.6326531 0.122449 9 -2.369309
0.6326531 0.1428571 9 -1.673463
0.6326531 0.1632653 9 -1.017402
0.6326531 0.1836735 9 -0.4440384
0.6326531 0.2040816 9 0.009122867
0.6326531 0.2244898 9 0.3124408
0.6326531 0.244898 9 0.4460753
0.6326531 0.2653061 9 0.4012853
0.6326531 0.2857143 9 0.1810006
0.6326531 0.3061224 9 -0.2003701
0.6326531 0.3265306 9 -0.717881
0.6326531 0.3469388 9 -1.337682
0.6326531 0.3673469 9 -2.019231
0.6326531 0.3877551 9 -2.717948
0.6326531 0.4081633 9 -3.38813
0.6326531 0.4285714 9 -3.985941
0.6326531 0.4489796 9 -4.472276
0.6326531 0.4693878 9 -4.815325
0.6326531 0.4897959 9 -4.992649
0.6326531 0.5102041 9 -4.992649
0.6326531 0.5306122 9 -4.815325
0.6326531 0.5510204 9 -4.472276
0.6326531 0.5714286 9 -3.985941
0.6326531 0.5918367 9 -3.38813
0.6326531 0.6122449 9 -2.717948
0.6326531 0.6326531 9 -2.019231
0.6326531 0.6530612 9 -1.337682
0.6326531 0.6734694 9 -0.717881
0.6326531 0.6938776 9 -0.2003701
0.6326531 0.7142857 9 0.1810006
0.6326531 0.7346939 9 0.4012853
0.6326531 0.755102 9 0.4460753
0.6326531 0.7755102 9 0.3124408
0.6326531 0.7959184 9 0.009122867
0.6326531 0.8163265 9 -0.4440384
0.6326531 0.8367347 9 -1.017402
0.6326531 0.8571429 9 -1.673463
0.6326531 0.877551 9 -2.369309
0.6326531 0.8979592 9 -3.059425
0.6326531 0.9183673 9 -3.698669
0.6326531 0.9387755 9 -4.245229
0.6326531 0.9591837 9 -4.663354
0.6326531 0.9795918 9 -4.925694
0.6326531 1 9 -5.01509
0.6530612 0 9 -4.912332
0.6530612 0.02040816 9 -4.822936
0.6530612 0.04081633 9 -4.560595
0.6530612 0.06122449 9 -4.14247
0.6530612 0.08163265 9 -3.59591
0.6530612 0.1020408 9 -2.956666
0.6530612 0.122449 9 -2.26655
0.6530612 0.1428571 9 -1.570704
0.6530612 0.1632653 9 -0.9146431
0.6530612 0.1836735 9 -0.3412799
0.6530612 0.2040816 9 0.1118813
0.6530612 0.2244898 9 0.4151993
0.6530612 0.244898 9 0.5488338
0.6530612 0.2653061 9 0.5040438
0.6530612 0.2857143 9 0.283759
0.6530612 0.3061224 9 -0.09761161
0.6530612 0.3265306 9 -0.6151226
0.6530612 0.3469388 9 -1.234923
0.6530612 0.3673469 9 -1.916473
0.6530612 0.3877551 9 -2.61519
0.6530612 0.4081633 9 -3.285372
0.6530612 0.4285714 9 -3.883182
0.6530612 0.4489796 9 -4.369518
0.6530612 0.4693878 9 -4.712567
0.6530612 0.4897959 9 -4.889891
0.6530612 0.5102041 9 -4.889891
0.6530612 0.5306122 9 -4.712567
0.6530612 0.5510204 9 -4.369518
0.6530612 0.5714286 9 -3.883182
0.6530612 0.5918367 9 -3.285372
0.6530612 0.6122449 9 -2.61519
0.6530612 0.6326531 9 -1.916473
0.6530612 0.6530612 9 -1.234923
0.6530612 0.6734694 9 -0.6151226
0.6530612 0.6938776 9 -0.09761161
0.6530612 0.7142857 9 0.283759
0.6530612 0.7346939 9 0.5040438
0.6530612 0.755102 9 0.5488338
0.6530612 0.7755102 9 0.4151993
0.6530612 0.7959184 9 0.1118813
0.6530612 0.8163265 9 -0.3412799
0.6530612 0.8367347 9 -0.9146431
0.6530612 0.8571429 9 -1.570704
0.6530612 0.877551 9 -2.26655
0.6530612 0.8979592 9 -2.956666
0.6530612 0.9183673 9 -3.59591
0.6530612 0.9387755 9 -4.14247
0.6530612 0.9591837 9 -4.560595
0.6530612 0.9795918 9 -4.822936
0.6530612 1 9 -4.912332
0.6734694 0 9 -4.818883
0.6734694 0.02040816 9 -4.729487
0.6734694 0.04081633 9 -4.467147
0.6734694 0.06122449 9 -4.049022
0.6734694 0.08163265 9 -3.502462
0.6734694 0.1020408 9 -2.863218
0.6734694 0.122449 9 -2.173102
0.6734694 0.1428571 9 -1.477256
0.6734694 0.1632653 9 -0.8211945
0.6734694 0.1836735 9 -0.2478314
0.6734694 0.2040816 9 0.2053299
0.6734694 0.2244898 9 0.5086478
0.6734694 0.244898 9 0.6422823
0.6734694 0.2653061 9 0.5974923
0.6734694 0.2857143 9 0.3772076
0.6734694 0.3061224 9 -0.004163083
0.6734694 0.3265306 9 -0.521674
0.6734694 0.3469388 9 -1.141475
0.6734694 0.3673469 9 -1.823024
0.6734694 0.3877551 9 -2.521741
0.6734694 0.4081633 9 -3.191924
0.6734694 0.4285714 9 -3.789734
0.6734694 0.4489796 9 -4.276069
0.6734694 0.4693878 9 -4.619118
0.6734694 0.4897959 9 -4.796442
0.6734694 0.5102041 9 -4.796442
0.6734694 0.5306122 9 -4.619118
0.6734694 0.5510204 9 -4.276069
0.6734694 0.5714286 9 -3.789734
0.6734694 0.5918367 9 -3.191924
0.6734694 0.6122449 9 -2.521741
0.6734694 0.6326531 9 -1.823024
0.6734694 0.6530612 9 -1.141475
0.6734694 0.6734694 9 -0.521674
0.6734694 0.6938776 9 -0.004163083
0.6734694 0.7142857 9 0.3772076
0.6734694 0.7346939 9 0.5974923
0.6734694 0.755102 9 0.6422823
0.6734694 0.7755102 9 0.5086478
0.6734694 0.7959184 9 0.2053299
0.6734694 0.8163265 9 -0.2478314
0.6734694 0.8367347 9 -0.8211945
0.6734694 0.8571429 9 -1.477256
0.6734694 0.877551 9 -2.173102
0.6734694 0.8979592 9 -2.863218
0.6734694 0.9183673 9 -3.502462
0.6734694 0.9387755 9 -4.049022
0.6734694 0.9591837 9 -4.467147
0.6734694 0.9795918 9 -4.729487
0.6734694 1 9 -4.818883
0.6938776 0 9 -4.740857
0.6938776 0.02040816 9 -4.651461
0.6938776 0.04081633 9 -4.389121
0.6938776 0.06122449 9 -3.970996
0.6938776 0.08163265 9 -3.424436
0.6938776 0.1020408 9 -2.785191
0.6938776 0.122449 9 -2.095076
0.6938776 0.1428571 9 -1.39923
0.6938776 0.1632653 9 -0.7431684
0.6938776 0.1836735 9 -0.1698053
0.6938776 0.2040816 9 0.283356
0.6938776 0.2244898 9 0.5866739
0.6938776 0.244898 9 0.7203084
0.6938776 0.2653061 9 0.6755184
0.6938776 0.2857143 9 0.4552337
0.6938776 0.3061224 9 0.07386302
0.6938776 0.3265306 9 -0.4436479
0.6938776 0.3469388 9 -1.063449
0.6938776 0.3673469 9 -1.744998
0.6938776 0.3877551 9 -2.443715
0.6938776 0.4081633 9 -3.113897
0.6938776 0.4285714 9 -3.711708
0.6938776 0.4489796 9 -4.198043
0.6938776 0.4693878 9 -4.541092
0.6938776 0.4897959 9 -4.718416
0.6938776 0.5102041 9 -4.718416
0.6938776 0.5306122 9 -4.541092
0.6938776 0.5510204 9 -4.198043
0.6938776 0.5714286 9 -3.711708
0.6938776 0.5918367 9 -3.113897
0.6938776 0.6122449 9 -2.443715
0.6938776 0.6326531 9 -1.744998
0.6938776 0.6530612 9 -1.063449
0.6938776 0.6734694 9 -0.4436479
0.6938776 0.6938776 9 0.07386302
0.6938776 0.7142857 9 0.4552337
0.6938776 0.7346939 9 0.6755184
0.6938776 0.755102 9 0.7203084
0.6938776 0.7755102 9 0.5866739
0.6938776 0.7959184 9 0.283356
0.6938776 0.8163265 9 -0.1698053
0.6938776 0.8367347 9 -0.7431684
0.6938776 0.8571429 9 -1.39923
0.6938776 0.877551 9 -2.095076
0.6938776 0.8979592 9 -2.785191
0.6938776 0.9183673 9 -3.424436
0.6938776 0.9387755 9 -3.970996
0.6938776 0.9591837 9 -4.389121
0.6938776 0.9795918 9 -4.651461
0.6938776 1 9 -4.740857
0.7142857 0 9 -4.683357
0.7142857 0.02040816 9 -4.593961
0.7142857 0.04081633 9 -4.331621
0.7142857 0.06122449 9 -3.913496
0.7142857 0.08163265 9 -3.366936
0.7142857 0.1020408 9 -2.727691
0.7142857 0.122449 9 -2.037576
0.7142857 0.1428571 9 -1.34173
0.7142857 0.1632653 9 -0.6856685
0.7142857 0.1836735 9 -0.1123053
0.7142857 0.2040816 9 0.3408559
0.7142857 0.2244898 9 0.6441739
0.7142857 0.244898 9 0.7778084
0.7142857 0.2653061 9 0.7330184
0.7142857 0.2857143 9 0.5127336
0.7142857 0.3061224 9 0.131363
0.7142857 0.3265306 9 -0.386148
0.7142857 0.3469388 9 -1.005949
0.7142857 0.3673469 9 -1.687498
0.7142857 0.3877551 9 -2.386215
0.7142857 0.4081633 9 -3.056397
0.7142857 0.4285714 9 -3.654208
0.7142857 0.4489796 9 -4.140543
0.7142857 0.4693878 9 -4.483592
0.7142857 0.4897959 9 -4.660916
0.7142857 0.5102041 9 -4.660916
0.7142857 0.5306122 9 -4.483592
0.7142857 0.5510204 9 -4.140543
0.7142857 0.5714286 9 -3.654208
0.7142857 0.5918367 9 -3.056397
0.7142857 0.6122449 9 -2.386215
0.7142857 0.6326531 9 -1.687498
0.7142857 0.6530612 9 -1.005949
0.7142857 0.6734694 9 -0.386148
0.7142857 0.6938776 9 0.131363
0.7142857 0.7142857 9 0.5127336
0.7142857 0.7346939 9 0.7330184
0.7142857 0.755102 9 0.7778084
0.7142857 0.7755102 9 0.6441739
0.7142857 0.7959184 9 0.3408559
0.7142857 0.8163265 9 -0.1123053
0.7142857 0.8367347 9 -0.6856685
0.7142857 0.8571429 9 -1.34173
0.7142857 0.877551 9 -2.037576
0.7142857 0.8979592 9 -2.727691
0.7142857 0.9183673 9 -3.366936
0.7142857 0.9387755 9 -3.913496
0.7142857 0.9591837 9 -4.331621
0.7142857 0.9795918 9 -4.593961
0.7142857 1 9 -4.683357
0.7346939 0 9 -4.650144
0.7346939 0.02040816 9 -4.560748
0.7346939 0.04081633 9 -4.298408
0.7346939 0.06122449 9 -3.880283
0.7346939 0.08163265 9 -3.333723
0.7346939 0.1020408 9 -2.694479
0.7346939 0.122449 9 -2.004363
0.7346939 0.1428571 9 -1.308517
0.7346939 0.1632653 9 -0.6524557
0.7346939 0.1836735 9 -0.07909257
0.7346939 0.2040816 9 0.3740687
0.7346939 0.2244898 9 0.6773866
0.7346939 0.244898 9 0.8110211
0.7346939 0.2653061 9 0.7662311
0.7346939 0.2857143 9 0.5459464
0.7346939 0.3061224 9 0.1645757
0.7346939 0.3265306 9 -0.3529352
0.7346939 0.3469388 9 -0.972736
0.7346939 0.3673469 9 -1.654285
0.7346939 0.3877551 9 -2.353003
0.7346939 0.4081633 9 -3.023185
0.7346939 0.4285714 9 -3.620995
0.7346939 0.4489796 9 -4.10733
0.7346939 0.4693878 9 -4.450379
0.7346939 0.4897959 9 -4.627703
0.7346939 0.5102041 9 -4.627703
0.7346939 0.5306122 9 -4.450379
0.7346939 0.5510204 9 -4.10733
0.7346939 0.5714286 9 -3.620995
0.7346939 0.5918367 9 -3.023185
0.7346939 0.6122449 9 -2.353003
0.7346939 0.6326531 9 -1.654285
0.7346939 0.6530612 9 -0.972736
0.7346939 0.6734694 9 -0.3529352
0.7346939 0.6938776 9 0.1645757
0.7346939 0.7142857 9 0.5459464
0.7346939 0.7346939 9 0.7662311
0.7346939 0.755102 9 0.8110211
0.7346939 0.7755102 9 0.6773866
0.7346939 0.7959184 9 0.3740687
0.7346939 0.8163265 9 -0.07909257
0.7346939 0.8367347 9 -0.6524557
0.7346939 0.8571429 9 -1.308517
0.7346939 0.877551 9 -2.004363
0.7346939 0.8979592 9 -2.694479
0.7346939 0.9183673 9 -3.333723
0.7346939 0.9387755 9 -3.880283
0.7346939 0.9591837 9 -4.298408
0.7346939 0.9795918 9 -4.560748
0.7346939 1 9 -4.650144
0.755102 0 9 -4.643391
0.755102 0.02040816 9 -4.553995
0.755102 0.04081633 9 -4.291655
0.755102 0.06122449 9 -3.87353
0.755102 0.08163265 9 -3.32697
0.755102 0.1020408 9 -2.687726
0.755102 0.122449 9 -1.99761
0.755102 0.1428571 9 -1.301764
0.755102 0.1632653 9 -0.6457027
0.755102 0.1836735 9 -0.0723395
0.755102 0.2040816 9 0.3808217
0.755102 0.2244898 9 0.6841397
0.755102 0.244898 9 0.8177742
0.755102 0.2653061 9 0.7729842
0.755102 0.2857143 9 0.5526994
0.755102 0.3061224 9 0.1713288
0.755102 0.3265306 9 -0.3461821
0.755102 0.3469388 9 -0.9659829
0.755102 0.3673469 9 -1.647532
0.755102 0.3877551 9 -2.346249
0.755102 0.4081633 9 -3.016432
0.755102 0.4285714 9 -3.614242
0.755102 0.4489796 9 -4.100577
0.755102 0.4693878 9 -4.443626
0.755102 0.4897959 9 -4.62095
0.755102 0.5102041 9 -4.62095
0.755102 0.5306122 9 -4.443626
0.755102 0.5510204 9 -4.100577
0.755102 0.5714286 9 -3.614242
0.755102 0.5918367 9 -3.016432
0.755102 0.6122449 9 -2.346249
0.755102 0.6326531 9 -1.647532
0.755102 0.6530612 9 -0.9659829
0.755102 0.6734694 9 -0.3461821
0.755102 0.6938776 9 0.1713288
0.755102 0.7142857 9 0.5526994
0.755102 0.7346939 9 0.7729842
0.755102 0.755102 9 0.8177742
0.755102 0.7755102 9 0.6841397
0.755102 0.7959184 9 0.3808217
0.755102 0.8163265 9 -0.0723395
0.755102 0.8367347 9 -0.6457027
0.755102 0.8571429 9 -1.301764
0.755102 0.877551 9 -1.99761
0.755102 0.8979592 9 -2.687726
0.755102 0.9183673 9 -3.32697
0.755102 0.9387755 9 -3.87353
0.755102 0.9591837 9 -4.291655
0.755102 0.9795918 9 -4.553995
0.755102 1 9 -4.643391
0.7755102 0 9 -4.66354
0.7755102 0.02040816 9 -4.574144
0.7755102 0.04081633 9 -4.311803
0.7755102 0.06122449 9 -3.893678
0.7755102 0.08163265 9 -3.347118
0.7755102 0.1020408 9 -2.707874
0.7755102 0.122449 9 -2.017758
0.7755102 0.1428571 9 -1.321912
0.7755102 0.1632653 9 -0.665851
0.7755102 0.1836735 9 -0.09248782
0.7755102 0.2040816 9 0.3606734
0.7755102 0.2244898 9 0.6639914
0.7755102 0.244898 9 0.7976259
0.7755102 0.2653061 9 0.7528359
0.7755102 0.2857143 9 0.5325511
0.7755102 0.3061224 9 0.1511805
0.7755102 0.3265306 9 -0.3663305
0.7755102 0.3469388 9 -0.9861312
0.7755102 0.3673469 9 -1.66768
0.7755102 0.3877551 9 -2.366398
0.7755102 0.4081633 9 -3.03658
0.7755102 0.4285714 9 -3.63439
0.7755102 0.4489796 9 -4.120725
0.7755102 0.4693878 9 -4.463775
0.7755102 0.4897959 9 -4.641099
0.7755102 0.5102041 9 -4.641099
0.7755102 0.5306122 9 -4.463775
0.7755102 0.5510204 9 -4.120725
0.7755102 0.5714286 9 -3.63439
0.7755102 0.5918367 9 -3.03658
0.7755102 0.6122449 9 -2.366398
0.7755102 0.6326531 9 -1.66768
0.7755102 0.6530612 9 -0.9861312
0.7755102 0.6734694 9 -0.3663305
0.7755102 0.6938776 9 0.1511805
0.7755102 0.7142857 9 0.5325511
0.7755102 0.7346939 9 0.7528359
0.7755102 0.755102 9 0.7976259
0.7755102 0.7755102 9 0.6639914
0.7755102 0.7959184 9 0.3606734
0.7755102 0.8163265 9 -0.09248782
0.7755102 0.8367347 9 -0.665851
0.7755102 0.8571429 9 -1.321912
0.7755102 0.877551 9 -2.017758
0.7755102 0.8979592 9 -2.707874
0.7755102 0.9183673 9 -3.347118
0.7755102 0.9387755 9 -3.893678
0.7755102 0.9591837 9 -4.311803
0.7755102 0.9795918 9 -4.574144
0.7755102 1 9 -4.66354
0.7959184 0 9 -4.709271
0.7959184 0.02040816 9 -4.619876
0.7959184 0.04081633 9 -4.357535
0.7959184 0.06122449 9 -3.93941
0.7959184 0.08163265 9 -3.39285
0.7959184 0.1020408 9 -2.753606
0.7959184 0.122449 9 -2.06349
0.7959184 0.1428571 9 -1.367644
0.7959184 0.1632653 9 -0.7115828
0.7959184 0.1836735 9 -0.1382196
0.7959184 0.2040816 9 0.3149416
0.7959184 0.2244898 9 0.6182595
0.7959184 0.244898 9 0.751894
0.7959184 0.2653061 9 0.7071041
0.7959184 0.2857143 9 0.4868193
0.7959184 0.3061224 9 0.1054487
0.7959184 0.3265306 9 -0.4120623
0.7959184 0.3469388 9 -1.031863
0.7959184 0.3673469 9 -1.713412
0.7959184 0.3877551 9 -2.41213
0.7959184 0.4081633 9 -3.082312
0.7959184 0.4285714 9 -3.680122
0.7959184 0.4489796 9 -4.166457
0.7959184 0.4693878 9 -4.509506
0.7959184 0.4897959 9 -4.68683
0.7959184 0.5102041 9 -4.68683
0.7959184 0.5306122 9 -4.509506
0.7959184 0.5510204 9 -4.166457
0.7959184 0.5714286 9 -3.680122
0.7959184 0.5918367 9 -3.082312
0.7959184 0.6122449 9 -2.41213
0.7959184 0.6326531 9 -1.713412
0.7959184 0.6530612 9 -1.031863
0.7959184 0.6734694 9 -0.4120623
0.7959184 0.6938776 9 0.1054487
0.7959184 0.7142857 9 0.4868193
0.7959184 0.7346939 9 0.7071041
0.7959184 0.755102 9 0.751894
0.7959184 0.7755102 9 0.6182595
0.7959184 0.7959184 9 0.3149416
0.7959184 0.8163265 9 -0.1382196
0.7959184 0.8367347 9 -0.7115828
0.7959184 0.8571429 9 -1.367644
0.7959184 0.877551 9 -2.06349
0.7959184 0.8979592 9 -2.753606
0.7959184 0.9183673 9 -3.39285
0.7959184 0.9387755 9 -3.93941
0.7959184 0.9591837 9 -4.357535
0.7959184 0.9795918 9 -4.619876
0.7959184 1 9 -4.709271
0.8163265 0 9 -4.777595
0.8163265 0.02040816 9 -4.6882
0.8163265 0.04081633 9 -4.425859
0.8163265 0.06122449 9 -4.007734
0.8163265 0.08163265 9 -3.461174
0.8163265 0.1020408 9 -2.82193
0.8163265 0.122449 9 -2.131814
0.8163265 0.1428571 9 -1.435968
0.8163265 0.1632653 9 -0.7799068
0.8163265 0.1836735 9 -0.2065436
0.8163265 0.2040816 9 0.2466176
0.8163265 0.2244898 9 0.5499356
0.8163265 0.244898 9 0.6835701
0.8163265 0.2653061 9 0.6387801
0.8163265 0.2857143 9 0.4184953
0.8163265 0.3061224 9 0.03712469
0.8163265 0.3265306 9 -0.4803863
0.8163265 0.3469388 9 -1.100187
0.8163265 0.3673469 9 -1.781736
0.8163265 0.3877551 9 -2.480454
0.8163265 0.4081633 9 -3.150636
0.8163265 0.4285714 9 -3.748446
0.8163265 0.4489796 9 -4.234781
0.8163265 0.4693878 9 -4.57783
0.8163265 0.4897959 9 -4.755154
0.8163265 0.5102041 9 -4.755154
0.8163265 0.5306122 9 -4.57783
0.8163265 0.5510204 9 -4.234781
0.8163265 0.5714286 9 -3.748446
0.8163265 0.5918367 9 -3.150636
0.8163265 0.6122449 9 -2.480454
0.8163265 0.6326531 9 -1.781736
0.8163265 0.6530612 9 -1.100187
0.8163265 0.6734694 9 -0.4803863
0.8163265 0.6938776 9 0.03712469
0.8163265 0.7142857 9 0.4184953
0.8163265 0.7346939 9 0.6387801
0.8163265 0.755102 9 0.6835701
0.8163265 0.7755102 9 0.5499356
0.8163265 0.7959184 9 0.2466176
0.8163265 0.8163265 9 -0.2065436
0.8163265 0.8367347 9 -0.7799068
0.8163265 0.8571429 9 -1.435968
0.8163265 0.877551 9 -2.131814
0.8163265 0.8979592 9 -2.82193
0.8163265 0.9183673 9 -3.461174
0.8163265 0.9387755 9 -4.007734
0.8163265 0.9591837 9 -4.425859
0.8163265 0.9795918 9 -4.6882
0.8163265 1 9 -4.777595
0.8367347 0 9 -4.864043
0.8367347 0.02040816 9 -4.774647
0.8367347 0.04081633 9 -4.512306
0.8367347 0.06122449 9 -4.094181
0.8367347 0.08163265 9 -3.547621
0.8367347 0.1020408 9 -2.908377
0.8367347 0.122449 9 -2.218261
0.8367347 0.1428571 9 -1.522415
0.8367347 0.1632653 9 -0.8663538
0.8367347 0.1836735 9 -0.2929907
0.8367347 0.2040816 9 0.1601706
0.8367347 0.2244898 9 0.4634885
0.8367347 0.244898 9 0.597123
0.8367347 0.2653061 9 0.552333
0.8367347 0.2857143 9 0.3320483
0.8367347 0.3061224 9 -0.04932235
0.8367347 0.3265306 9 -0.5668333
0.8367347 0.3469388 9 -1.186634
0.8367347 0.3673469 9 -1.868183
0.8367347 0.3877551 9 -2.566901
0.8367347 0.4081633 9 -3.237083
0.8367347 0.4285714 9 -3.834893
0.8367347 0.4489796 9 -4.321228
0.8367347 0.4693878 9 -4.664277
0.8367347 0.4897959 9 -4.841601
0.8367347 0.5102041 9 -4.841601
0.8367347 0.5306122 9 -4.664277
0.8367347 0.5510204 9 -4.321228
0.8367347 0.5714286 9 -3.834893
0.8367347 0.5918367 9 -3.237083
0.8367347 0.6122449 9 -2.566901
0.8367347 0.6326531 9 -1.868183
0.8367347 0.6530612 9 -1.186634
0.8367347 0.6734694 9 -0.5668333
0.8367347 0.6938776 9 -0.04932235
0.8367347 0.7142857 9 0.3320483
0.8367347 0.7346939 9 0.552333
0.8367347 0.755102 9 0.597123
0.8367347 0.7755102 9 0.4634885
0.8367347 0.7959184 9 0.1601706
0.8367347 0.8163265 9 -0.2929907
0.8367347 0.8367347 9 -0.8663538
0.8367347 0.8571429 9 -1.522415
0.8367347 0.877551 9 -2.218261
0.8367347 0.8979592 9 -2.908377
0.8367347 0.9183673 9 -3.547621
0.8367347 0.9387755 9 -4.094181
0.8367347 0.9591837 9 -4.512306
0.8367347 0.9795918 9 -4.774647
0.8367347 1 9 -4.864043
0.8571429 0 9 -4.962958
0.8571429 0.02040816 9 -4.873562
0.8571429 0.04081633 9 -4.611222
0.8571429 0.06122449 9 -4.193097
0.8571429 0.08163265 9 -3.646537
0.8571429 0.1020408 9 -3.007292
0.8571429 0.122449 9 -2.317177
0.8571429 0.1428571 9 -1.621331
0.8571429 0.1632653 9 -0.9652694
0.8571429 0.1836735 9 -0.3919063
0.8571429 0.2040816 9 0.06125499
0.8571429 0.2244898 9 0.3645729
0.8571429 0.244898 9 0.4982074
0.8571429 0.2653061 9 0.4534174
0.8571429 0.2857143 9 0.2331327
0.8571429 0.3061224 9 -0.1482379
0.8571429 0.3265306 9 -0.6657489
0.8571429 0.3469388 9 -1.28555
0.8571429 0.3673469 9 -1.967099
0.8571429 0.3877551 9 -2.665816
0.8571429 0.4081633 9 -3.335998
0.8571429 0.4285714 9 -3.933809
0.8571429 0.4489796 9 -4.420144
0.8571429 0.4693878 9 -4.763193
0.8571429 0.4897959 9 -4.940517
0.8571429 0.5102041 9 -4.940517
0.8571429 0.5306122 9 -4.763193
0.8571429 0.5510204 9 -4.420144
0.8571429 0.5714286 9 -3.933809
0.8571429 0.5918367 9 -3.335998
0.8571429 0.6122449 9 -2.665816
0.8571429 0.6326531 9 -1.967099
0.8571429 0.6530612 9 -1.28555
0.8571429 0.6734694 9 -0.6657489
0.8571429 0.6938776 9 -0.1482379
0.8571429 0.7142857 9 0.2331327
0.8571429 0.7346939 9 0.4534174
0.8571429 0.755102 9 0.4982074
0.8571429 0.7755102 9 0.3645729
0.8571429 0.7959184 9 0.06125499
0.8571429 0.8163265 9 -0.3919063
0.8571429 0.8367347 9 -0.9652694
0.8571429 0.8571429 9 -1.621331
0.8571429 0.877551 9 -2.317177
0.8571429 0.8979592 9 -3.007292
0.8571429 0.9183673 9 -3.646537
0.8571429 0.9387755 9 -4.193097
0.8571429 0.9591837 9 -4.611222
0.8571429 0.9795918 9 -4.873562
0.8571429 1 9 -4.962958
0.877551 0 9 -5.067872
0.877551 0.02040816 9 -4.978476
0.877551 0.04081633 9 -4.716136
0.877551 0.06122449 9 -4.298011
0.877551 0.08163265 9 -3.751451
0.877551 0.1020408 9 -3.112206
0.877551 0.122449 9 -2.422091
0.877551 0.1428571 9 -1.726245
0.877551 0.1632653 9 -1.070183
0.877551 0.1836735 9 -0.4968203
0.877551 0.2040816 9 -0.04365904
0.877551 0.2244898 9 0.2596589
0.877551 0.244898 9 0.3932934
0.877551 0.2653061 9 0.3485034
0.877551 0.2857143 9 0.1282187
0.877551 0.3061224 9 -0.253152
0.877551 0.3265306 9 -0.7706629
0.877551 0.3469388 9 -1.390464
0.877551 0.3673469 9 -2.072013
0.877551 0.3877551 9 -2.77073
0.877551 0.4081633 9 -3.440912
0.877551 0.4285714 9 -4.038723
0.877551 0.4489796 9 -4.525058
0.877551 0.4693878 9 -4.868107
0.877551 0.4897959 9 -5.045431
0.877551 0.5102041 9 -5.045431
0.877551 0.5306122 9 -4.868107
0.877551 0.5510204 9 -4.525058
0.877551 0.5714286 9 -4.038723
0.877551 0.5918367 9 -3.440912
0.877551 0.6122449 9 -2.77073
0.877551 0.6326531 9 -2.072013
0.877551 0.6530612 9 -1.390464
0.877551 0.6734694 9 -0.7706629
0.877551 0.6938776 9 -0.253152
0.877551 0.7142857 9 0.1282187
0.877551 0.7346939 9 0.3485034
0.877551 0.755102 9 0.3932934
0.877551 0.7755102 9 0.2596589
0.877551 0.7959184 9 -0.04365904
0.877551 0.8163265 9 -0.4968203
0.877551 0.8367347 9 -1.070183
0.877551 0.8571429 9 -1.726245
0.877551 0.877551 9 -2.422091
0.877551 0.8979592 9 -3.112206
0.877551 0.9183673 9 -3.751451
0.877551 0.9387755 9 -4.298011
0.877551 0.9591837 9 -4.716136
0.877551 0.9795918 9 -4.978476
0.877551 1 9 -5.067872
0.8979592 0 9 -5.171922
0.8979592 0.02040816 9 -5.082526
0.8979592 0.04081633 9 -4.820186
0.8979592 0.06122449 9 -4.402061
0.8979592 0.08163265 9 -3.855501
0.8979592 0.1020408 9 -3.216256
0.8979592 0.122449 9 -2.526141
0.8979592 0.1428571 9 -1.830295
0.8979592 0.1632653 9 -1.174233
0.8979592 0.1836735 9 -0.6008703
0.8979592 0.2040816 9 -0.1477091
0.8979592 0.2244898 9 0.1556089
0.8979592 0.244898 9 0.2892434
0.8979592 0.2653061 9 0.2444534
0.8979592 0.2857143 9 0.02416862
0.8979592 0.3061224 9 -0.357202
0.8979592 0.3265306 9 -0.874713
0.8979592 0.3469388 9 -1.494514
0.8979592 0.3673469 9 -2.176063
0.8979592 0.3877551 9 -2.87478
0.8979592 0.4081633 9 -3.544962
0.8979592 0.4285714 9 -4.142773
0.8979592 0.4489796 9 -4.629108
0.8979592 0.4693878 9 -4.972157
0.8979592 0.4897959 9 -5.149481
0.8979592 0.5102041 9 -5.149481
0.8979592 0.5306122 9 -4.972157
0.8979592 0.5510204 9 -4.629108
0.8979592 0.5714286 9 -4.142773
0.8979592 0.5918367 9 -3.544962
0.8979592 0.6122449 9 -2.87478
0.8979592 0.6326531 9 -2.176063
0.8979592 0.6530612 9 -1.494514
0.8979592 0.6734694 9 -0.874713
0.8979592 0.6938776 9 -0.357202
0.8979592 0.7142857 9 0.02416862
0.8979592 0.7346939 9 0.2444534
0.8979592 0.755102 9 0.2892434
0.8979592 0.7755102 9 0.1556089
0.8979592 0.7959184 9 -0.1477091
0.8979592 0.8163265 9 -0.6008703
0.8979592 0.8367347 9 -1.174233
0.8979592 0.8571429 9 -1.830295
0.8979592 0.877551 9 -2.526141
0.8979592 0.8979592 9 -3.216256
0.8979592 0.9183673 9 -3.855501
0.8979592 0.9387755 9 -4.402061
0.8979592 0.9591837 9 -4.820186
0.8979592 0.9795918 9 -5.082526
0.8979592 1 9 -5.171922
0.9183673 0 9 -5.268302
0.9183673 0.02040816 9 -5.178906
0.9183673 0.04081633 9 -4.916566
0.9183673 0.06122449 9 -4.498441
0.9183673 0.08163265 9 -3.951881
0.9183673 0.1020408 9 -3.312637
0.9183673 0.122449 9 -2.622521
0.9183673 0.1428571 9 -1.926675
0.9183673 0.1632653 9 -1.270614
0.9183673 0.1836735 9 -0.6972504
0.9183673 0.2040816 9 -0.2440892
0.9183673 0.2244898 9 0.05922877
0.9183673 0.244898 9 0.1928633
0.9183673 0.2653061 9 0.1480733
0.9183673 0.2857143 9 -0.07221146
0.9183673 0.3061224 9 -0.4535821
0.9183673 0.3265306 9 -0.9710931
0.9183673 0.3469388 9 -1.590894
0.9183673 0.3673469 9 -2.272443
0.9183673 0.3877551 9 -2.97116
0.9183673 0.4081633 9 -3.641343
0.9183673 0.4285714 9 -4.239153
0.9183673 0.4489796 9 -4.725488
0.9183673 0.4693878 9 -5.068537
0.9183673 0.4897959 9 -5.245861
0.9183673 0.5102041 9 -5.245861
0.9183673 0.5306122 9 -5.068537
0.9183673 0.5510204 9 -4.725488
0.9183673 0.5714286 9 -4.239153
0.9183673 0.5918367 9 -3.641343
0.9183673 0.6122449 9 -2.97116
0.9183673 0.6326531 9 -2.272443
0.9183673 0.6530612 9 -1.590894
0.9183673 0.6734694 9 -0.9710931
0.9183673 0.6938776 9 -0.4535821
0.9183673 0.7142857 9 -0.07221146
0.9183673 0.7346939 9 0.1480733
0.9183673 0.755102 9 0.1928633
0.9183673 0.7755102 9 0.05922877
0.9183673 0.7959184 9 -0.2440892
0.9183673 0.8163265 9 -0.6972504
0.9183673 0.8367347 9 -1.270614
0.9183673 0.8571429 9 -1.926675
0.9183673 0.877551 9 -2.622521
0.9183673 0.8979592 9 -3.312637
0.9183673 0.9183673 9 -3.951881
0.9183673 0.9387755 9 -4.498441
0.9183673 0.9591837 9 -4.916566
0.9183673 0.9795918 9 -5.178906
0.9183673 1 9 -5.268302
0.9387755 0 9 -5.350708
0.9387755 0.02040816 9 -5.261312
0.9387755 0.04081633 9 -4.998972
0.9387755 0.06122449 9 -4.580847
0.9387755 0.08163265 9 -4.034287
0.9387755 0.1020408 9 -3.395042
0.9387755 0.122449 9 -2.704927
0.9387755 0.1428571 9 -2.009081
0.9387755 0.1632653 9 -1.353019
0.9387755 0.1836735 9 -0.7796563
0.9387755 0.2040816 9 -0.326495
0.9387755 0.2244898 9 -0.02317711
0.9387755 0.244898 9 0.1104574
0.9387755 0.2653061 9 0.06566741
0.9387755 0.2857143 9 -0.1546173
0.9387755 0.3061224 9 -0.535988
0.9387755 0.3265306 9 -1.053499
0.9387755 0.3469388 9 -1.6733
0.9387755 0.3673469 9 -2.354849
0.9387755 0.3877551 9 -3.053566
0.9387755 0.4081633 9 -3.723748
0.9387755 0.4285714 9 -4.321559
0.9387755 0.4489796 9 -4.807894
0.9387755 0.4693878 9 -5.150943
0.9387755 0.4897959 9 -5.328267
0.9387755 0.5102041 9 -5.328267
0.9387755 0.5306122 9 -5.150943
0.9387755 0.5510204 9 -4.807894
0.9387755 0.5714286 9 -4.321559
0.9387755 0.5918367 9 -3.723748
0.9387755 0.6122449 9 -3.053566
0.9387755 0.6326531 9 -2.354849
0.9387755 0.6530612 9 -1.6733
0.9387755 0.6734694 9 -1.053499
0.9387755 0.6938776 9 -0.535988
0.9387755 0.7142857 9 -0.1546173
0.9387755 0.7346939 9 0.06566741
0.9387755 0.755102 9 0.1104574
0.9387755 0.7755102 9 -0.02317711
0.9387755 0.7959184 9 -0.326495
0.9387755 0.8163265 9 -0.7796563
0.9387755 0.8367347 9 -1.353019
0.9387755 0.8571429 9 -2.009081
0.9387755 0.877551 9 -2.704927
0.9387755 0.8979592 9 -3.395042
0.9387755 0.9183673 9 -4.034287
0.9387755 0.9387755 9 -4.580847
0.9387755 0.9591837 9 -4.998972
0.9387755 0.9795918 9 -5.261312
0.9387755 1 9 -5.350708
0.9591837 0 9 -5.41375
0.9591837 0.02040816 9 -5.324354
0.9591837 0.04081633 9 -5.062013
0.9591837 0.06122449 9 -4.643888
0.9591837 0.08163265 9 -4.097328
0.9591837 0.1020408 9 -3.458084
0.9591837 0.122449 9 -2.767968
0.9591837 0.1428571 9 -2.072122
0.9591837 0.1632653 9 -1.416061
0.9591837 0.1836735 9 -0.8426978
0.9591837 0.2040816 9 -0.3895365
0.9591837 0.2244898 9 -0.08621861
0.9591837 0.244898 9 0.0474159
0.9591837 0.2653061 9 0.00262591
0.9591837 0.2857143 9 -0.2176588
0.9591837 0.3061224 9 -0.5990295
0.9591837 0.3265306 9 -1.11654
0.9591837 0.3469388 9 -1.736341
0.9591837 0.3673469 9 -2.41789
0.9591837 0.3877551 9 -3.116608
0.9591837 0.4081633 9 -3.78679
0.9591837 0.4285714 9 -4.3846
0.9591837 0.4489796 9 -4.870935
0.9591837 0.4693878 9 -5.213985
0.9591837 0.4897959 9 -5.391309
0.9591837 0.5102041 9 -5.391309
0.9591837 0.5306122 9 -5.213985
0.9591837 0.5510204 9 -4.870935
0.9591837 0.5714286 9 -4.3846
0.9591837 0.5918367 9 -3.78679
0.9591837 0.6122449 9 -3.116608
0.9591837 0.6326531 9 -2.41789
0.9591837 0.6530612 9 -1.736341
0.9591837 0.6734694 9 -1.11654
0.9591837 0.6938776 9 -0.5990295
0.9591837 0.7142857 9 -0.2176588
0.9591837 0.7346939 9 0.00262591
0.9591837 0.755102 9 0.0474159
0.9591837 0.7755102 9 -0.08621861
0.9591837 0.7959184 9 -0.3895365
0.9591837 0.8163265 9 -0.8426978
0.9591837 0.8367347 9 -1.416061
0.9591837 0.8571429 9 -2.072122
0.9591837 0.877551 9 -2.767968
0.9591837 0.8979592 9 -3.458084
0.9591837 0.9183673 9 -4.097328
0.9591837 0.9387755 9 -4.643888
0.9591837 0.9591837 9 -5.062013
0.9591837 0.9795918 9 -5.324354
0.9591837 1 9 -5.41375
0.9795918 0 9 -5.453303
0.9795918 0.02040816 9 -5.363907
0.9795918 0.04081633 9 -5.101567
0.9795918 0.06122449 9 -4.683442
0.9795918 0.08163265 9 -4.136882
0.9795918 0.1020408 9 -3.497637
0.9795918 0.122449 9 -2.807522
0.9795918 0.1428571 9 -2.111676
0.9795918 0.1632653 9 -1.455614
0.9795918 0.1836735 9 -0.8822513
0.9795918 0.2040816 9 -0.4290901
0.9795918 0.2244898 9 -0.1257722
0.9795918 0.244898 9 0.007862347
0.9795918 0.2653061 9 -0.03692764
0.9795918 0.2857143 9 -0.2572124
0.9795918 0.3061224 9 -0.638583
0.9795918 0.3265306 9 -1.156094
0.9795918 0.3469388 9 -1.775895
0.9795918 0.3673469 9 -2.457444
0.9795918 0.3877551 9 -3.156161
0.9795918 0.4081633 9 -3.826343
0.9795918 0.4285714 9 -4.424154
0.9795918 0.4489796 9 -4.910489
0.9795918 0.4693878 9 -5.253538
0.9795918 0.4897959 9 -5.430862
0.9795918 0.5102041 9 -5.430862
0.9795918 0.5306122 9 -5.253538
0.9795918 0.5510204 9 -4.910489
0.9795918 0.5714286 9 -4.424154
0.9795918 0.5918367 9 -3.826343
0.9795918 0.6122449 9 -3.156161
0.9795918 0.6326531 9 -2.457444
0.9795918 0.6530612 9 -1.775895
0.9795918 0.6734694 9 -1.156094
0.9795918 0.6938776 9 -0.638583
0.9795918 0.7142857 9 -0.2572124
0.9795918 0.7346939 9 -0.03692764
0.9795918 0.755102 9 0.007862347
0.9795918 0.7755102 9 -0.1257722
0.9795918 0.7959184 9 -0.4290901
0.9795918 0.8163265 9 -0.8822513
0.9795918 0.8367347 9 -1.455614
0.9795918 0.8571429 9 -2.111676
0.9795918 0.877551 9 -2.807522
0.9795918 0.8979592 9 -3.497637
0.9795918 0.9183673 9 -4.136882
0.9795918 0.9387755 9 -4.683442
0.9795918 0.9591837 9 -5.101567
0.9795918 0.9795918 9 -5.363907
0.9795918 1 9 -5.453303
1 0 9 -5.466782
1 0.02040816 9 -5.377386
1 0.04081633 9 -5.115045
1 0.06122449 9 -4.69692
1 0.08163265 9 -4.15036
1 0.1020408 9 -3.511116
1 0.122449 9 -2.821
1 0.1428571 9 -2.125154
1 0.1632653 9 -1.469093
1 0.1836735 9 -0.8957297
1 0.2040816 9 -0.4425685
1 0.2244898 9 -0.1392506
1 0.244898 9 -0.005616045
1 0.2653061 9 -0.05040603
1 0.2857143 9 -0.2706908
1 0.3061224 9 -0.6520614
1 0.3265306 9 -1.169572
1 0.3469388 9 -1.789373
1 0.3673469 9 -2.470922
1 0.3877551 9 -3.16964
1 0.4081633 9 -3.839822
1 0.4285714 9 -4.437632
1 0.4489796 9 -4.923967
1 0.4693878 9 -5.267017
1 0.4897959 9 -5.44434
1 0.5102041 9 -5.44434
1 0.5306122 9 -5.267017
1 0.5510204 9 -4.923967
1 0.5714286 9 -4.437632
1 0.5918367 9 -3.839822
1 0.6122449 9 -3.16964
1 0.6326531 9 -2.470922
1 0.6530612 9 -1.789373
1 0.6734694 9 -1.169572
1 0.6938776 9 -0.6520614
1 0.7142857 9 -0.2706908
1 0.7346939 9 -0.05040603
1 0.755102 9 -0.005616045
1 0.7755102 9 -0.1392506
1 0.7959184 9 -0.4425685
1 0.8163265 9 -0.8957297
1 0.8367347 9 -1.469093
1 0.8571429 9 -2.125154
1 0.877551 9 -2.821
1 0.8979592 9 -3.511116
1 0.9183673 9 -4.15036
1 0.9387755 9 -4.69692
1 0.9591837 9 -5.115045
1 0.9795918 9 -5.377386
1 1 9 -5.466782
