0 0 10 -5.034429
0 0.02040816 10 -4.952103
0 0.04081633 10 -4.710511
0 0.06122449 10 -4.325454
0 0.08163265 10 -3.82212
0 0.1020408 10 -3.233432
0 0.122449 10 -2.597895
0 0.1428571 10 -1.957082
0 0.1632653 10 -1.352906
0 0.1836735 10 -0.824889
0 0.2040816 10 -0.407567
0 0.2244898 10 -0.1282376
0 0.244898 10 -0.005171887
0 0.2653061 10 -0.04641956
0 0.2857143 10 -0.2492826
0 0.3061224 10 -0.6004917
0 0.3265306 10 -1.077074
0 0.3469388 10 -1.647857
0 0.3673469 10 -2.275504
0 0.3877551 10 -2.918962
0 0.4081633 10 -3.536141
0 0.4285714 10 -4.086672
0 0.4489796 10 -4.534545
0 0.4693878 10 -4.850463
0 0.4897959 10 -5.013763
0 0.5102041 10 -5.013763
0 0.5306122 10 -4.850463
0 0.5510204 10 -4.534545
0 0.5714286 10 -4.086672
0 0.5918367 10 -3.536141
0 0.6122449 10 -2.918962
0 0.6326531 10 -2.275504
0 0.6530612 10 -1.647857
0 0.6734694 10 -1.077074
0 0.6938776 10 -0.6004917
0 0.7142857 10 -0.2492826
0 0.7346939 10 -0.04641956
0 0.755102 10 -0.005171887
0 0.7755102 10 -0.1282376
0 0.7959184 10 -0.407567
0 0.8163265 10 -0.824889
0 0.8367347 10 -1.352906
0 0.8571429 10 -1.957082
0 0.877551 10 -2.597895
0 0.8979592 10 -3.233432
0 0.9183673 10 -3.82212
0 0.9387755 10 -4.325454
0 0.9591837 10 -4.710511
0 0.9795918 10 -4.952103
0 1 10 -5.034429
0.02040816 0 10 -5.052221
0.02040816 0.02040816 10 -4.969896
0.02040816 0.04081633 10 -4.728303
0.02040816 0.06122449 10 -4.343246
0.02040816 0.08163265 10 -3.839912
0.02040816 0.1020408 10 -3.251224
0.02040816 0.122449 10 -2.615688
0.02040816 0.1428571 10 -1.974874
0.02040816 0.1632653 10 -1.370699
0.02040816 0.1836735 10 -0.8426813
0.02040816 0.2040816 10 -0.4253593
0.02040816 0.2244898 10 -0.1460299
0.02040816 0.244898 10 -0.02296417
0.02040816 0.2653061 10 -0.06421184
0.02040816 0.2857143 10 -0.2670749
0.02040816 0.3061224 10 -0.618284
0.02040816 0.3265306 10 -1.094866
0.02040816 0.3469388 10 -1.665649
0.02040816 0.3673469 10 -2.293296
0.02040816 0.3877551 10 -2.936754
0.02040816 0.4081633 10 -3.553933
0.02040816 0.4285714 10 -4.104464
0.02040816 0.4489796 10 -4.552337
0.02040816 0.4693878 10 -4.868255
0.02040816 0.4897959 10 -5.031555
0.02040816 0.5102041 10 -5.031555
0.02040816 0.5306122 10 -4.868255
0.02040816 0.5510204 10 -4.552337
0.02040816 0.5714286 10 -4.104464
0.02040816 0.5918367 10 -3.553933
0.02040816 0.6122449 10 -2.936754
0.02040816 0.6326531 10 -2.293296
0.02040816 0.6530612 10 -1.665649
0.02040816 0.6734694 10 -1.094866
0.02040816 0.6938776 10 -0.618284
0.02040816 0.7142857 10 -0.2670749
0.02040816 0.7346939 10 -0.06421184
0.02040816 0.755102 10 -0.02296417
0.02040816 0.7755102 10 -0.1460299
0.02040816 0.7959184 10 -0.4253593
0.02040816 0.8163265 10 -0.8426813
0.02040816 0.8367347 10 -1.370699
0.02040816 0.8571429 10 -1.974874
0.02040816 0.877551 10 -2.615688
0.02040816 0.8979592 10 -3.251224
0.02040816 0.9183673 10 -3.839912
0.02040816 0.9387755 10 -4.343246
0.02040816 0.9591837 10 -4.728303
0.02040816 0.9795918 10 -4.969896
0.02040816 1 10 -5.052221
0.04081633 0 10 -5.104435
0.04081633 0.02040816 10 -5.022109
0.04081633 0.04081633 10 -4.780516
0.04081633 0.06122449 10 -4.395459
0.04081633 0.08163265 10 -3.892125
0.04081633 0.1020408 10 -3.303437
0.04081633 0.122449 10 -2.667901
0.04081633 0.1428571 10 -2.027087
0.04081633 0.1632653 10 -1.422912
0.04081633 0.1836735 10 -0.8948943
0.04081633 0.2040816 10 -0.4775723
0.04081633 0.2244898 10 -0.198243
0.04081633 0.244898 10 -0.07517723
0.04081633 0.2653061 10 -0.1164249
0.04081633 0.2857143 10 -0.319288
0.04081633 0.3061224 10 -0.6704971
0.04081633 0.3265306 10 -1.14708
0.04081633 0.3469388 10 -1.717862
0.04081633 0.3673469 10 -2.345509
0.04081633 0.3877551 10 -2.988967
0.04081633 0.4081633 10 -3.606146
0.04081633 0.4285714 10 -4.156678
0.04081633 0.4489796 10 -4.60455
0.04081633 0.4693878 10 -4.920468
0.04081633 0.4897959 10 -5.083768
0.04081633 0.5102041 10 -5.083768
0.04081633 0.5306122 10 -4.920468
0.04081633 0.5510204 10 -4.60455
0.04081633 0.5714286 10 -4.156678
0.04081633 0.5918367 10 -3.606146
0.04081633 0.6122449 10 -2.988967
0.04081633 0.6326531 10 -2.345509
0.04081633 0.6530612 10 -1.717862
0.04081633 0.6734694 10 -1.14708
0.04081633 0.6938776 10 -0.6704971
0.04081633 0.7142857 10 -0.319288
0.04081633 0.7346939 10 -0.1164249
0.04081633 0.755102 10 -0.07517723
0.04081633 0.7755102 10 -0.198243
0.04081633 0.7959184 10 -0.4775723
0.04081633 0.8163265 10 -0.8948943
0.04081633 0.8367347 10 -1.422912
0.04081633 0.8571429 10 -2.027087
0.04081633 0.877551 10 -2.667901
0.04081633 0.8979592 10 -3.303437
0.04081633 0.9183673 10 -3.892125
0.04081633 0.9387755 10 -4.395459
0.04081633 0.9591837 10 -4.780516
0.04081633 0.9795918 10 -5.022109
0.04081633 1 10 -5.104435
0.06122449 0 10 -5.187653
0.06122449 0.02040816 10 -5.105327
0.06122449 0.04081633 10 -4.863735
0.06122449 0.06122449 10 -4.478678
0.06122449 0.08163265 10 -3.975344
0.06122449 0.1020408 10 -3.386655
0.06122449 0.122449 10 -2.751119
0.06122449 0.1428571 10 -2.110306
0.06122449 0.1632653 10 -1.50613
0.06122449 0.1836735 10 -0.9781129
0.06122449 0.2040816 10 -0.5607909
0.06122449 0.2244898 10 -0.2814615
0.06122449 0.244898 10 -0.1583958
0.06122449 0.2653061 10 -0.1996435
0.06122449 0.2857143 10 -0.4025065
0.06122449 0.3061224 10 -0.7537156
0.06122449 0.3265306 10 -1.230298
0.06122449 0.3469388 10 -1.801081
0.06122449 0.3673469 10 -2.428728
0.06122449 0.3877551 10 -3.072186
0.06122449 0.4081633 10 -3.689365
0.06122449 0.4285714 10 -4.239896
0.06122449 0.4489796 10 -4.687769
0.06122449 0.4693878 10 -5.003687
0.06122449 0.4897959 10 -5.166987
0.06122449 0.5102041 10 -5.166987
0.06122449 0.5306122 10 -5.003687
0.06122449 0.5510204 10 -4.687769
0.06122449 0.5714286 10 -4.239896
0.06122449 0.5918367 10 -3.689365
0.06122449 0.6122449 10 -3.072186
0.06122449 0.6326531 10 -2.428728
0.06122449 0.6530612 10 -1.801081
0.06122449 0.6734694 10 -1.230298
0.06122449 0.6938776 10 -0.7537156
0.06122449 0.7142857 10 -0.4025065
0.06122449 0.7346939 10 -0.1996435
0.06122449 0.755102 10 -0.1583958
0.06122449 0.7755102 10 -0.2814615
0.06122449 0.7959184 10 -0.5607909
0.06122449 0.8163265 10 -0.9781129
0.06122449 0.8367347 10 -1.50613
0.06122449 0.8571429 10 -2.110306
0.06122449 0.877551 10 -2.751119
0.06122449 0.8979592 10 -3.386655
0.06122449 0.9183673 10 -3.975344
0.06122449 0.9387755 10 -4.478678
0.06122449 0.9591837 10 -4.863735
0.06122449 0.9795918 10 -5.105327
0.06122449 1 10 -5.187653
0.08163265 0 10 -5.296434
0.08163265 0.02040816 10 -5.214108
0.08163265 0.04081633 10 -4.972515
0.08163265 0.06122449 10 -4.587459
0.08163265 0.08163265 10 -4.084125
0.08163265 0.1020408 10 -3.495436
0.08163265 0.122449 10 -2.8599
0.08163265 0.1428571 10 -2.219086
0.08163265 0.1632653 10 -1.614911
0.08163265 0.1836735 10 -1.086894
0.08163265 0.2040816 10 -0.6695716
0.08163265 0.2244898 10 -0.3902422
0.08163265 0.244898 10 -0.2671765
0.08163265 0.2653061 10 -0.3084242
0.08163265 0.2857143 10 -0.5112872
0.08163265 0.3061224 10 -0.8624963
0.08163265 0.3265306 10 -1.339079
0.08163265 0.3469388 10 -1.909861
0.08163265 0.3673469 10 -2.537509
0.08163265 0.3877551 10 -3.180966
0.08163265 0.4081633 10 -3.798146
0.08163265 0.4285714 10 -4.348677
0.08163265 0.4489796 10 -4.796549
0.08163265 0.4693878 10 -5.112468
0.08163265 0.4897959 10 -5.275767
0.08163265 0.5102041 10 -5.275767
0.08163265 0.5306122 10 -5.112468
0.08163265 0.5510204 10 -4.796549
0.08163265 0.5714286 10 -4.348677
0.08163265 0.5918367 10 -3.798146
0.08163265 0.6122449 10 -3.180966
0.08163265 0.6326531 10 -2.537509
0.08163265 0.6530612 10 -1.909861
0.08163265 0.6734694 10 -1.339079
0.08163265 0.6938776 10 -0.8624963
0.08163265 0.7142857 10 -0.5112872
0.08163265 0.7346939 10 -0.3084242
0.08163265 0.755102 10 -0.2671765
0.08163265 0.7755102 10 -0.3902422
0.08163265 0.7959184 10 -0.6695716
0.08163265 0.8163265 10 -1.086894
0.08163265 0.8367347 10 -1.614911
0.08163265 0.8571429 10 -2.219086
0.08163265 0.877551 10 -2.8599
0.08163265 0.8979592 10 -3.495436
0.08163265 0.9183673 10 -4.084125
0.08163265 0.9387755 10 -4.587459
0.08163265 0.9591837 10 -4.972515
0.08163265 0.9795918 10 -5.214108
0.08163265 1 10 -5.296434
0.1020408 0 10 -5.423661
0.1020408 0.02040816 10 -5.341335
0.1020408 0.04081633 10 -5.099743
0.1020408 0.06122449 10 -4.714686
0.1020408 0.08163265 10 -4.211352
0.1020408 0.1020408 10 -3.622664
0.1020408 0.122449 10 -2.987127
0.1020408 0.1428571 10 -2.346314
0.1020408 0.1632653 10 -1.742139
0.1020408 0.1836735 10 -1.214121
0.1020408 0.2040816 10 -0.7967991
0.1020408 0.2244898 10 -0.5174697
0.1020408 0.244898 10 -0.394404
0.1020408 0.2653061 10 -0.4356517
0.1020408 0.2857143 10 -0.6385147
0.1020408 0.3061224 10 -0.9897238
0.1020408 0.3265306 10 -1.466306
0.1020408 0.3469388 10 -2.037089
0.1020408 0.3673469 10 -2.664736
0.1020408 0.3877551 10 -3.308194
0.1020408 0.4081633 10 -3.925373
0.1020408 0.4285714 10 -4.475904
0.1020408 0.4489796 10 -4.923777
0.1020408 0.4693878 10 -5.239695
0.1020408 0.4897959 10 -5.402995
0.1020408 0.5102041 10 -5.402995
0.1020408 0.5306122 10 -5.239695
0.1020408 0.5510204 10 -4.923777
0.1020408 0.5714286 10 -4.475904
0.1020408 0.5918367 10 -3.925373
0.1020408 0.6122449 10 -3.308194
0.1020408 0.6326531 10 -2.664736
0.1020408 0.6530612 10 -2.037089
0.1020408 0.6734694 10 -1.466306
0.1020408 0.6938776 10 -0.9897238
0.1020408 0.7142857 10 -0.6385147
0.1020408 0.7346939 10 -0.4356517
0.1020408 0.755102 10 -0.394404
0.1020408 0.7755102 10 -0.5174697
0.1020408 0.7959184 10 -0.7967991
0.1020408 0.8163265 10 -1.214121
0.1020408 0.8367347 10 -1.742139
0.1020408 0.8571429 10 -2.346314
0.1020408 0.877551 10 -2.987127
0.1020408 0.8979592 10 -3.622664
0.1020408 0.9183673 10 -4.211352
0.1020408 0.9387755 10 -4.714686
0.1020408 0.9591837 10 -5.099743
0.1020408 0.9795918 10 -5.341335
0.1020408 1 10 -5.423661
0.122449 0 10 -5.561014
0.122449 0.02040816 10 -5.478688
0.122449 0.04081633 10 -5.237095
0.122449 0.06122449 10 -4.852038
0.122449 0.08163265 10 -4.348704
0.122449 0.1020408 10 -3.760016
0.122449 0.122449 10 -3.12448
0.122449 0.1428571 10 -2.483666
0.122449 0.1632653 10 -1.879491
0.122449 0.1836735 10 -1.351473
0.122449 0.2040816 10 -0.9341514
0.122449 0.2244898 10 -0.654822
0.122449 0.244898 10 -0.5317563
0.122449 0.2653061 10 -0.5730039
0.122449 0.2857143 10 -0.775867
0.122449 0.3061224 10 -1.127076
0.122449 0.3265306 10 -1.603659
0.122449 0.3469388 10 -2.174441
0.122449 0.3673469 10 -2.802088
0.122449 0.3877551 10 -3.445546
0.122449 0.4081633 10 -4.062725
0.122449 0.4285714 10 -4.613257
0.122449 0.4489796 10 -5.061129
0.122449 0.4693878 10 -5.377047
0.122449 0.4897959 10 -5.540347
0.122449 0.5102041 10 -5.540347
0.122449 0.5306122 10 -5.377047
0.122449 0.5510204 10 -5.061129
0.122449 0.5714286 10 -4.613257
0.122449 0.5918367 10 -4.062725
0.122449 0.6122449 10 -3.445546
0.122449 0.6326531 10 -2.802088
0.122449 0.6530612 10 -2.174441
0.122449 0.6734694 10 -1.603659
0.122449 0.6938776 10 -1.127076
0.122449 0.7142857 10 -0.775867
0.122449 0.7346939 10 -0.5730039
0.122449 0.755102 10 -0.5317563
0.122449 0.7755102 10 -0.654822
0.122449 0.7959184 10 -0.9341514
0.122449 0.8163265 10 -1.351473
0.122449 0.8367347 10 -1.879491
0.122449 0.8571429 10 -2.483666
0.122449 0.877551 10 -3.12448
0.122449 0.8979592 10 -3.760016
0.122449 0.9183673 10 -4.348704
0.122449 0.9387755 10 -4.852038
0.122449 0.9591837 10 -5.237095
0.122449 0.9795918 10 -5.478688
0.122449 1 10 -5.561014
0.1428571 0 10 -5.699506
0.1428571 0.02040816 10 -5.617181
0.1428571 0.04081633 10 -5.375588
0.1428571 0.06122449 10 -4.990531
0.1428571 0.08163265 10 -4.487197
0.1428571 0.1020408 10 -3.898509
0.1428571 0.122449 10 -3.262972
0.1428571 0.1428571 10 -2.622159
0.1428571 0.1632653 10 -2.017984
0.1428571 0.1836735 10 -1.489966
0.1428571 0.2040816 10 -1.072644
0.1428571 0.2244898 10 -0.7933148
0.1428571 0.244898 10 -0.6702491
0.1428571 0.2653061 10 -0.7114968
0.1428571 0.2857143 10 -0.9143598
0.1428571 0.3061224 10 -1.265569
0.1428571 0.3265306 10 -1.742151
0.1428571 0.3469388 10 -2.312934
0.1428571 0.3673469 10 -2.940581
0.1428571 0.3877551 10 -3.584039
0.1428571 0.4081633 10 -4.201218
0.1428571 0.4285714 10 -4.751749
0.1428571 0.4489796 10 -5.199622
0.1428571 0.4693878 10 -5.51554
0.1428571 0.4897959 10 -5.67884
0.1428571 0.5102041 10 -5.67884
0.1428571 0.5306122 10 -5.51554
0.1428571 0.5510204 10 -5.199622
0.1428571 0.5714286 10 -4.751749
0.1428571 0.5918367 10 -4.201218
0.1428571 0.6122449 10 -3.584039
0.1428571 0.6326531 10 -2.940581
0.1428571 0.6530612 10 -2.312934
0.1428571 0.6734694 10 -1.742151
0.1428571 0.6938776 10 -1.265569
0.1428571 0.7142857 10 -0.9143598
0.1428571 0.7346939 10 -0.7114968
0.1428571 0.755102 10 -0.6702491
0.1428571 0.7755102 10 -0.7933148
0.1428571 0.7959184 10 -1.072644
0.1428571 0.8163265 10 -1.489966
0.1428571 0.8367347 10 -2.017984
0.1428571 0.8571429 10 -2.622159
0.1428571 0.877551 10 -3.262972
0.1428571 0.8979592 10 -3.898509
0.1428571 0.9183673 10 -4.487197
0.1428571 0.9387755 10 -4.990531
0.1428571 0.9591837 10 -5.375588
0.1428571 0.9795918 10 -5.617181
0.1428571 1 10 -5.699506
0.1632653 0 10 -5.830081
0.1632653 0.02040816 10 -5.747755
0.1632653 0.04081633 10 -5.506162
0.1632653 0.06122449 10 -5.121106
0.1632653 0.08163265 10 -4.617772
0.1632653 0.1020408 10 -4.029083
0.1632653 0.122449 10 -3.393547
0.1632653 0.1428571 10 -2.752733
0.1632653 0.1632653 10 -2.148558
0.1632653 0.1836735 10 -1.620541
0.1632653 0.2040816 10 -1.203219
0.1632653 0.2244898 10 -0.9238893
0.1632653 0.244898 10 -0.8008236
0.1632653 0.2653061 10 -0.8420713
0.1632653 0.2857143 10 -1.044934
0.1632653 0.3061224 10 -1.396143
0.1632653 0.3265306 10 -1.872726
0.1632653 0.3469388 10 -2.443508
0.1632653 0.3673469 10 -3.071156
0.1632653 0.3877551 10 -3.714613
0.1632653 0.4081633 10 -4.331793
0.1632653 0.4285714 10 -4.882324
0.1632653 0.4489796 10 -5.330196
0.1632653 0.4693878 10 -5.646115
0.1632653 0.4897959 10 -5.809415
0.1632653 0.5102041 10 -5.809415
0.1632653 0.5306122 10 -5.646115
0.1632653 0.5510204 10 -5.330196
0.1632653 0.5714286 10 -4.882324
0.1632653 0.5918367 10 -4.331793
0.1632653 0.6122449 10 -3.714613
0.1632653 0.6326531 10 -3.071156
0.1632653 0.6530612 10 -2.443508
0.1632653 0.6734694 10 -1.872726
0.1632653 0.6938776 10 -1.396143
0.1632653 0.7142857 10 -1.044934
0.1632653 0.7346939 10 -0.8420713
0.1632653 0.755102 10 -0.8008236
0.1632653 0.7755102 10 -0.9238893
0.1632653 0.7959184 10 -1.203219
0.1632653 0.8163265 10 -1.620541
0.1632653 0.8367347 10 -2.148558
0.1632653 0.8571429 10 -2.752733
0.1632653 0.877551 10 -3.393547
0.1632653 0.8979592 10 -4.029083
0.1632653 0.9183673 10 -4.617772
0.1632653 0.9387755 10 -5.121106
0.1632653 0.9591837 10 -5.506162
0.1632653 0.9795918 10 -5.747755
0.1632653 1 10 -5.830081
0.1836735 0 10 -5.944196
0.1836735 0.02040816 10 -5.86187
0.1836735 0.04081633 10 -5.620278
0.1836735 0.06122449 10 -5.235221
0.1836735 0.08163265 10 -4.731887
0.1836735 0.1020408 10 -4.143199
0.1836735 0.122449 10 -3.507662
0.1836735 0.1428571 10 -2.866849
0.1836735 0.1632653 10 -2.262673
0.1836735 0.1836735 10 -1.734656
0.1836735 0.2040816 10 -1.317334
0.1836735 0.2244898 10 -1.038005
0.1836735 0.244898 10 -0.9149389
0.1836735 0.2653061 10 -0.9561865
0.1836735 0.2857143 10 -1.15905
0.1836735 0.3061224 10 -1.510259
0.1836735 0.3265306 10 -1.986841
0.1836735 0.3469388 10 -2.557624
0.1836735 0.3673469 10 -3.185271
0.1836735 0.3877551 10 -3.828729
0.1836735 0.4081633 10 -4.445908
0.1836735 0.4285714 10 -4.996439
0.1836735 0.4489796 10 -5.444312
0.1836735 0.4693878 10 -5.76023
0.1836735 0.4897959 10 -5.92353
0.1836735 0.5102041 10 -5.92353
0.1836735 0.5306122 10 -5.76023
0.1836735 0.5510204 10 -5.444312
0.1836735 0.5714286 10 -4.996439
0.1836735 0.5918367 10 -4.445908
0.1836735 0.6122449 10 -3.828729
0.1836735 0.6326531 10 -3.185271
0.1836735 0.6530612 10 -2.557624
0.1836735 0.6734694 10 -1.986841
0.1836735 0.6938776 10 -1.510259
0.1836735 0.7142857 10 -1.15905
0.1836735 0.7346939 10 -0.9561865
0.1836735 0.755102 10 -0.9149389
0.1836735 0.7755102 10 -1.038005
0.1836735 0.7959184 10 -1.317334
0.1836735 0.8163265 10 -1.734656
0.1836735 0.8367347 10 -2.262673
0.1836735 0.8571429 10 -2.866849
0.1836735 0.877551 10 -3.507662
0.1836735 0.8979592 10 -4.143199
0.1836735 0.9183673 10 -4.731887
0.1836735 0.9387755 10 -5.235221
0.1836735 0.9591837 10 -5.620278
0.1836735 0.9795918 10 -5.86187
0.1836735 1 10 -5.944196
0.2040816 0 10 -6.034388
0.2040816 0.02040816 10 -5.952062
0.2040816 0.04081633 10 -5.710469
0.2040816 0.06122449 10 -5.325413
0.2040816 0.08163265 10 -4.822079
0.2040816 0.1020408 10 -4.23339
0.2040816 0.122449 10 -3.597854
0.2040816 0.1428571 10 -2.95704
0.2040816 0.1632653 10 -2.352865
0.2040816 0.1836735 10 -1.824848
0.2040816 0.2040816 10 -1.407526
0.2040816 0.2244898 10 -1.128196
0.2040816 0.244898 10 -1.005131
0.2040816 0.2653061 10 -1.046378
0.2040816 0.2857143 10 -1.249241
0.2040816 0.3061224 10 -1.60045
0.2040816 0.3265306 10 -2.077033
0.2040816 0.3469388 10 -2.647815
0.2040816 0.3673469 10 -3.275463
0.2040816 0.3877551 10 -3.918921
0.2040816 0.4081633 10 -4.5361
0.2040816 0.4285714 10 -5.086631
0.2040816 0.4489796 10 -5.534503
0.2040816 0.4693878 10 -5.850422
0.2040816 0.4897959 10 -6.013722
0.2040816 0.5102041 10 -6.013722
0.2040816 0.5306122 10 -5.850422
0.2040816 0.5510204 10 -5.534503
0.2040816 0.5714286 10 -5.086631
0.2040816 0.5918367 10 -4.5361
0.2040816 0.6122449 10 -3.918921
0.2040816 0.6326531 10 -3.275463
0.2040816 0.6530612 10 -2.647815
0.2040816 0.6734694 10 -2.077033
0.2040816 0.6938776 10 -1.60045
0.2040816 0.7142857 10 -1.249241
0.2040816 0.7346939 10 -1.046378
0.2040816 0.755102 10 -1.005131
0.2040816 0.7755102 10 -1.128196
0.2040816 0.7959184 10 -1.407526
0.2040816 0.8163265 10 -1.824848
0.2040816 0.8367347 10 -2.352865
0.2040816 0.8571429 10 -2.95704
0.2040816 0.877551 10 -3.597854
0.2040816 0.8979592 10 -4.23339
0.2040816 0.9183673 10 -4.822079
0.2040816 0.9387755 10 -5.325413
0.2040816 0.9591837 10 -5.710469
0.2040816 0.9795918 10 -5.952062
0.2040816 1 10 -6.034388
0.2244898 0 10 -6.094757
0.2244898 0.02040816 10 -6.012431
0.2244898 0.04081633 10 -5.770838
0.2244898 0.06122449 10 -5.385782
0.2244898 0.08163265 10 -4.882447
0.2244898 0.1020408 10 -4.293759
0.2244898 0.122449 10 -3.658223
0.2244898 0.1428571 10 -3.017409
0.2244898 0.1632653 10 -2.413234
0.2244898 0.1836735 10 -1.885216
0.2244898 0.2040816 10 -1.467894
0.2244898 0.2244898 10 -1.188565
0.2244898 0.244898 10 -1.065499
0.2244898 0.2653061 10 -1.106747
0.2244898 0.2857143 10 -1.30961
0.2244898 0.3061224 10 -1.660819
0.2244898 0.3265306 10 -2.137402
0.2244898 0.3469388 10 -2.708184
0.2244898 0.3673469 10 -3.335831
0.2244898 0.3877551 10 -3.979289
0.2244898 0.4081633 10 -4.596469
0.2244898 0.4285714 10 -5.147
0.2244898 0.4489796 10 -5.594872
0.2244898 0.4693878 10 -5.91079
0.2244898 0.4897959 10 -6.07409
0.2244898 0.5102041 10 -6.07409
0.2244898 0.5306122 10 -5.91079
0.2244898 0.5510204 10 -5.594872
0.2244898 0.5714286 10 -5.147
0.2244898 0.5918367 10 -4.596469
0.2244898 0.6122449 10 -3.979289
0.2244898 0.6326531 10 -3.335831
0.2244898 0.6530612 10 -2.708184
0.2244898 0.6734694 10 -2.137402
0.2244898 0.6938776 10 -1.660819
0.2244898 0.7142857 10 -1.30961
0.2244898 0.7346939 10 -1.106747
0.2244898 0.755102 10 -1.065499
0.2244898 0.7755102 10 -1.188565
0.2244898 0.7959184 10 -1.467894
0.2244898 0.8163265 10 -1.885216
0.2244898 0.8367347 10 -2.413234
0.2244898 0.8571429 10 -3.017409
0.2244898 0.877551 10 -3.658223
0.2244898 0.8979592 10 -4.293759
0.2244898 0.9183673 10 -4.882447
0.2244898 0.9387755 10 -5.385782
0.2244898 0.9591837 10 -5.770838
0.2244898 0.9795918 10 -6.012431
0.2244898 1 10 -6.094757
0.244898 0 10 -6.121354
0.244898 0.02040816 10 -6.039028
0.244898 0.04081633 10 -5.797435
0.244898 0.06122449 10 -5.412379
0.244898 0.08163265 10 -4.909044
0.244898 0.1020408 10 -4.320356
0.244898 0.122449 10 -3.68482
0.244898 0.1428571 10 -3.044006
0.244898 0.1632653 10 -2.439831
0.244898 0.1836735 10 -1.911813
0.244898 0.2040816 10 -1.494491
0.244898 0.2244898 10 -1.215162
0.244898 0.244898 10 -1.092096
0.244898 0.2653061 10 -1.133344
0.244898 0.2857143 10 -1.336207
0.244898 0.3061224 10 -1.687416
0.244898 0.3265306 10 -2.163999
0.244898 0.3469388 10 -2.734781
0.244898 0.3673469 10 -3.362428
0.244898 0.3877551 10 -4.005886
0.244898 0.4081633 10 -4.623066
0.244898 0.4285714 10 -5.173597
0.244898 0.4489796 10 -5.621469
0.244898 0.4693878 10 -5.937387
0.244898 0.4897959 10 -6.100687
0.244898 0.5102041 10 -6.100687
0.244898 0.5306122 10 -5.937387
0.244898 0.5510204 10 -5.621469
0.244898 0.5714286 10 -5.173597
0.244898 0.5918367 10 -4.623066
0.244898 0.6122449 10 -4.005886
0.244898 0.6326531 10 -3.362428
0.244898 0.6530612 10 -2.734781
0.244898 0.6734694 10 -2.163999
0.244898 0.6938776 10 -1.687416
0.244898 0.7142857 10 -1.336207
0.244898 0.7346939 10 -1.133344
0.244898 0.755102 10 -1.092096
0.244898 0.7755102 10 -1.215162
0.244898 0.7959184 10 -1.494491
0.244898 0.8163265 10 -1.911813
0.244898 0.8367347 10 -2.439831
0.244898 0.8571429 10 -3.044006
0.244898 0.877551 10 -3.68482
0.244898 0.8979592 10 -4.320356
0.244898 0.9183673 10 -4.909044
0.244898 0.9387755 10 -5.412379
0.244898 0.9591837 10 -5.797435
0.244898 0.9795918 10 -6.039028
0.244898 1 10 -6.121354
0.2653061 0 10 -6.112439
0.2653061 0.02040816 10 -6.030113
0.2653061 0.04081633 10 -5.788521
0.2653061 0.06122449 10 -5.403464
0.2653061 0.08163265 10 -4.90013
0.2653061 0.1020408 10 -4.311442
0.2653061 0.122449 10 -3.675905
0.2653061 0.1428571 10 -3.035092
0.2653061 0.1632653 10 -2.430916
0.2653061 0.1836735 10 -1.902899
0.2653061 0.2040816 10 -1.485577
0.2653061 0.2244898 10 -1.206248
0.2653061 0.244898 10 -1.083182
0.2653061 0.2653061 10 -1.12443
0.2653061 0.2857143 10 -1.327293
0.2653061 0.3061224 10 -1.678502
0.2653061 0.3265306 10 -2.155084
0.2653061 0.3469388 10 -2.725867
0.2653061 0.3673469 10 -3.353514
0.2653061 0.3877551 10 -3.996972
0.2653061 0.4081633 10 -4.614151
0.2653061 0.4285714 10 -5.164682
0.2653061 0.4489796 10 -5.612555
0.2653061 0.4693878 10 -5.928473
0.2653061 0.4897959 10 -6.091773
0.2653061 0.5102041 10 -6.091773
0.2653061 0.5306122 10 -5.928473
0.2653061 0.5510204 10 -5.612555
0.2653061 0.5714286 10 -5.164682
0.2653061 0.5918367 10 -4.614151
0.2653061 0.6122449 10 -3.996972
0.2653061 0.6326531 10 -3.353514
0.2653061 0.6530612 10 -2.725867
0.2653061 0.6734694 10 -2.155084
0.2653061 0.6938776 10 -1.678502
0.2653061 0.7142857 10 -1.327293
0.2653061 0.7346939 10 -1.12443
0.2653061 0.755102 10 -1.083182
0.2653061 0.7755102 10 -1.206248
0.2653061 0.7959184 10 -1.485577
0.2653061 0.8163265 10 -1.902899
0.2653061 0.8367347 10 -2.430916
0.2653061 0.8571429 10 -3.035092
0.2653061 0.877551 10 -3.675905
0.2653061 0.8979592 10 -4.311442
0.2653061 0.9183673 10 -4.90013
0.2653061 0.9387755 10 -5.403464
0.2653061 0.9591837 10 -5.788521
0.2653061 0.9795918 10 -6.030113
0.2653061 1 10 -6.112439
0.2857143 0 10 -6.068596
0.2857143 0.02040816 10 -5.986271
0.2857143 0.04081633 10 -5.744678
0.2857143 0.06122449 10 -5.359621
0.2857143 0.08163265 10 -4.856287
0.2857143 0.1020408 10 -4.267599
0.2857143 0.122449 10 -3.632062
0.2857143 0.1428571 10 -2.991249
0.2857143 0.1632653 10 -2.387074
0.2857143 0.1836735 10 -1.859056
0.2857143 0.2040816 10 -1.441734
0.2857143 0.2244898 10 -1.162405
0.2857143 0.244898 10 -1.039339
0.2857143 0.2653061 10 -1.080587
0.2857143 0.2857143 10 -1.28345
0.2857143 0.3061224 10 -1.634659
0.2857143 0.3265306 10 -2.111241
0.2857143 0.3469388 10 -2.682024
0.2857143 0.3673469 10 -3.309671
0.2857143 0.3877551 10 -3.953129
0.2857143 0.4081633 10 -4.570308
0.2857143 0.4285714 10 -5.120839
0.2857143 0.4489796 10 -5.568712
0.2857143 0.4693878 10 -5.88463
0.2857143 0.4897959 10 -6.04793
0.2857143 0.5102041 10 -6.04793
0.2857143 0.5306122 10 -5.88463
0.2857143 0.5510204 10 -5.568712
0.2857143 0.5714286 10 -5.120839
0.2857143 0.5918367 10 -4.570308
0.2857143 0.6122449 10 -3.953129
0.2857143 0.6326531 10 -3.309671
0.2857143 0.6530612 10 -2.682024
0.2857143 0.6734694 10 -2.111241
0.2857143 0.6938776 10 -1.634659
0.2857143 0.7142857 10 -1.28345
0.2857143 0.7346939 10 -1.080587
0.2857143 0.755102 10 -1.039339
0.2857143 0.7755102 10 -1.162405
0.2857143 0.7959184 10 -1.441734
0.2857143 0.8163265 10 -1.859056
0.2857143 0.8367347 10 -2.387074
0.2857143 0.8571429 10 -2.991249
0.2857143 0.877551 10 -3.632062
0.2857143 0.8979592 10 -4.267599
0.2857143 0.9183673 10 -4.856287
0.2857143 0.9387755 10 -5.359621
0.2857143 0.9591837 10 -5.744678
0.2857143 0.9795918 10 -5.986271
0.2857143 1 10 -6.068596
0.3061224 0 10 -5.992693
0.3061224 0.02040816 10 -5.910367
0.3061224 0.04081633 10 -5.668775
0.3061224 0.06122449 10 -5.283718
0.3061224 0.08163265 10 -4.780384
0.3061224 0.1020408 10 -4.191695
0.3061224 0.122449 10 -3.556159
0.3061224 0.1428571 10 -2.915345
0.3061224 0.1632653 10 -2.31117
0.3061224 0.1836735 10 -1.783153
0.3061224 0.2040816 10 -1.365831
0.3061224 0.2244898 10 -1.086501
0.3061224 0.244898 10 -0.9634357
0.3061224 0.2653061 10 -1.004683
0.3061224 0.2857143 10 -1.207546
0.3061224 0.3061224 10 -1.558756
0.3061224 0.3265306 10 -2.035338
0.3061224 0.3469388 10 -2.60612
0.3061224 0.3673469 10 -3.233768
0.3061224 0.3877551 10 -3.877226
0.3061224 0.4081633 10 -4.494405
0.3061224 0.4285714 10 -5.044936
0.3061224 0.4489796 10 -5.492808
0.3061224 0.4693878 10 -5.808727
0.3061224 0.4897959 10 -5.972027
0.3061224 0.5102041 10 -5.972027
0.3061224 0.5306122 10 -5.808727
0.3061224 0.5510204 10 -5.492808
0.3061224 0.5714286 10 -5.044936
0.3061224 0.5918367 10 -4.494405
0.3061224 0.6122449 10 -3.877226
0.3061224 0.6326531 10 -3.233768
0.3061224 0.6530612 10 -2.60612
0.3061224 0.6734694 10 -2.035338
0.3061224 0.6938776 10 -1.558756
0.3061224 0.7142857 10 -1.207546
0.3061224 0.7346939 10 -1.004683
0.3061224 0.755102 10 -0.9634357
0.3061224 0.7755102 10 -1.086501
0.3061224 0.7959184 10 -1.365831
0.3061224 0.8163265 10 -1.783153
0.3061224 0.8367347 10 -2.31117
0.3061224 0.8571429 10 -2.915345
0.3061224 0.877551 10 -3.556159
0.3061224 0.8979592 10 -4.191695
0.3061224 0.9183673 10 -4.780384
0.3061224 0.9387755 10 -5.283718
0.3061224 0.9591837 10 -5.668775
0.3061224 0.9795918 10 -5.910367
0.3061224 1 10 -5.992693
0.3265306 0 10 -5.889694
0.3265306 0.02040816 10 -5.807368
0.3265306 0.04081633 10 -5.565775
0.3265306 0.06122449 10 -5.180719
0.3265306 0.08163265 10 -4.677385
0.3265306 0.1020408 10 -4.088696
0.3265306 0.122449 10 -3.45316
0.3265306 0.1428571 10 -2.812346
0.3265306 0.1632653 10 -2.208171
0.3265306 0.1836735 10 -1.680154
0.3265306 0.2040816 10 -1.262832
0.3265306 0.2244898 10 -0.9835023
0.3265306 0.244898 10 -0.8604365
0.3265306 0.2653061 10 -0.9016842
0.3265306 0.2857143 10 -1.104547
0.3265306 0.3061224 10 -1.455756
0.3265306 0.3265306 10 -1.932339
0.3265306 0.3469388 10 -2.503121
0.3265306 0.3673469 10 -3.130769
0.3265306 0.3877551 10 -3.774226
0.3265306 0.4081633 10 -4.391406
0.3265306 0.4285714 10 -4.941937
0.3265306 0.4489796 10 -5.389809
0.3265306 0.4693878 10 -5.705728
0.3265306 0.4897959 10 -5.869028
0.3265306 0.5102041 10 -5.869028
0.3265306 0.5306122 10 -5.705728
0.3265306 0.5510204 10 -5.389809
0.3265306 0.5714286 10 -4.941937
0.3265306 0.5918367 10 -4.391406
0.3265306 0.6122449 10 -3.774226
0.3265306 0.6326531 10 -3.130769
0.3265306 0.6530612 10 -2.503121
0.3265306 0.6734694 10 -1.932339
0.3265306 0.6938776 10 -1.455756
0.3265306 0.7142857 10 -1.104547
0.3265306 0.7346939 10 -0.9016842
0.3265306 0.755102 10 -0.8604365
0.3265306 0.7755102 10 -0.9835023
0.3265306 0.7959184 10 -1.262832
0.3265306 0.8163265 10 -1.680154
0.3265306 0.8367347 10 -2.208171
0.3265306 0.8571429 10 -2.812346
0.3265306 0.877551 10 -3.45316
0.3265306 0.8979592 10 -4.088696
0.3265306 0.9183673 10 -4.677385
0.3265306 0.9387755 10 -5.180719
0.3265306 0.9591837 10 -5.565775
0.3265306 0.9795918 10 -5.807368
0.3265306 1 10 -5.889694
0.3469388 0 10 -5.766336
0.3469388 0.02040816 10 -5.68401
0.3469388 0.04081633 10 -5.442418
0.3469388 0.06122449 10 -5.057361
0.3469388 0.08163265 10 -4.554027
0.3469388 0.1020408 10 -3.965339
0.3469388 0.122449 10 -3.329802
0.3469388 0.1428571 10 -2.688989
0.3469388 0.1632653 10 -2.084813
0.3469388 0.1836735 10 -1.556796
0.3469388 0.2040816 10 -1.139474
0.3469388 0.2244898 10 -0.8601446
0.3469388 0.244898 10 -0.7370789
0.3469388 0.2653061 10 -0.7783266
0.3469388 0.2857143 10 -0.9811896
0.3469388 0.3061224 10 -1.332399
0.3469388 0.3265306 10 -1.808981
0.3469388 0.3469388 10 -2.379764
0.3469388 0.3673469 10 -3.007411
0.3469388 0.3877551 10 -3.650869
0.3469388 0.4081633 10 -4.268048
0.3469388 0.4285714 10 -4.818579
0.3469388 0.4489796 10 -5.266452
0.3469388 0.4693878 10 -5.58237
0.3469388 0.4897959 10 -5.74567
0.3469388 0.5102041 10 -5.74567
0.3469388 0.5306122 10 -5.58237
0.3469388 0.5510204 10 -5.266452
0.3469388 0.5714286 10 -4.818579
0.3469388 0.5918367 10 -4.268048
0.3469388 0.6122449 10 -3.650869
0.3469388 0.6326531 10 -3.007411
0.3469388 0.6530612 10 -2.379764
0.3469388 0.6734694 10 -1.808981
0.3469388 0.6938776 10 -1.332399
0.3469388 0.7142857 10 -0.9811896
0.3469388 0.7346939 10 -0.7783266
0.3469388 0.755102 10 -0.7370789
0.3469388 0.7755102 10 -0.8601446
0.3469388 0.7959184 10 -1.139474
0.3469388 0.8163265 10 -1.556796
0.3469388 0.8367347 10 -2.084813
0.3469388 0.8571429 10 -2.688989
0.3469388 0.877551 10 -3.329802
0.3469388 0.8979592 10 -3.965339
0.3469388 0.9183673 10 -4.554027
0.3469388 0.9387755 10 -5.057361
0.3469388 0.9591837 10 -5.442418
0.3469388 0.9795918 10 -5.68401
0.3469388 1 10 -5.766336
0.3673469 0 10 -5.630689
0.3673469 0.02040816 10 -5.548363
0.3673469 0.04081633 10 -5.30677
0.3673469 0.06122449 10 -4.921714
0.3673469 0.08163265 10 -4.41838
0.3673469 0.1020408 10 -3.829691
0.3673469 0.122449 10 -3.194155
0.3673469 0.1428571 10 -2.553341
0.3673469 0.1632653 10 -1.949166
0.3673469 0.1836735 10 -1.421149
0.3673469 0.2040816 10 -1.003827
0.3673469 0.2244898 10 -0.7244973
0.3673469 0.244898 10 -0.6014316
0.3673469 0.2653061 10 -0.6426792
0.3673469 0.2857143 10 -0.8455423
0.3673469 0.3061224 10 -1.196751
0.3673469 0.3265306 10 -1.673334
0.3673469 0.3469388 10 -2.244116
0.3673469 0.3673469 10 -2.871764
0.3673469 0.3877551 10 -3.515221
0.3673469 0.4081633 10 -4.132401
0.3673469 0.4285714 10 -4.682932
0.3673469 0.4489796 10 -5.130804
0.3673469 0.4693878 10 -5.446723
0.3673469 0.4897959 10 -5.610023
0.3673469 0.5102041 10 -5.610023
0.3673469 0.5306122 10 -5.446723
0.3673469 0.5510204 10 -5.130804
0.3673469 0.5714286 10 -4.682932
0.3673469 0.5918367 10 -4.132401
0.3673469 0.6122449 10 -3.515221
0.3673469 0.6326531 10 -2.871764
0.3673469 0.6530612 10 -2.244116
0.3673469 0.6734694 10 -1.673334
0.3673469 0.6938776 10 -1.196751
0.3673469 0.7142857 10 -0.8455423
0.3673469 0.7346939 10 -0.6426792
0.3673469 0.755102 10 -0.6014316
0.3673469 0.7755102 10 -0.7244973
0.3673469 0.7959184 10 -1.003827
0.3673469 0.8163265 10 -1.421149
0.3673469 0.8367347 10 -1.949166
0.3673469 0.8571429 10 -2.553341
0.3673469 0.877551 10 -3.194155
0.3673469 0.8979592 10 -3.829691
0.3673469 0.9183673 10 -4.41838
0.3673469 0.9387755 10 -4.921714
0.3673469 0.9591837 10 -5.30677
0.3673469 0.9795918 10 -5.548363
0.3673469 1 10 -5.630689
0.3877551 0 10 -5.491625
0.3877551 0.02040816 10 -5.409299
0.3877551 0.04081633 10 -5.167706
0.3877551 0.06122449 10 -4.782649
0.3877551 0.08163265 10 -4.279315
0.3877551 0.1020408 10 -3.690627
0.3877551 0.122449 10 -3.055091
0.3877551 0.1428571 10 -2.414277
0.3877551 0.1632653 10 -1.810102
0.3877551 0.1836735 10 -1.282084
0.3877551 0.2040816 10 -0.8647624
0.3877551 0.2244898 10 -0.585433
0.3877551 0.244898 10 -0.4623673
0.3877551 0.2653061 10 -0.503615
0.3877551 0.2857143 10 -0.706478
0.3877551 0.3061224 10 -1.057687
0.3877551 0.3265306 10 -1.53427
0.3877551 0.3469388 10 -2.105052
0.3877551 0.3673469 10 -2.732699
0.3877551 0.3877551 10 -3.376157
0.3877551 0.4081633 10 -3.993337
0.3877551 0.4285714 10 -4.543868
0.3877551 0.4489796 10 -4.99174
0.3877551 0.4693878 10 -5.307658
0.3877551 0.4897959 10 -5.470958
0.3877551 0.5102041 10 -5.470958
0.3877551 0.5306122 10 -5.307658
0.3877551 0.5510204 10 -4.99174
0.3877551 0.5714286 10 -4.543868
0.3877551 0.5918367 10 -3.993337
0.3877551 0.6122449 10 -3.376157
0.3877551 0.6326531 10 -2.732699
0.3877551 0.6530612 10 -2.105052
0.3877551 0.6734694 10 -1.53427
0.3877551 0.6938776 10 -1.057687
0.3877551 0.7142857 10 -0.706478
0.3877551 0.7346939 10 -0.503615
0.3877551 0.755102 10 -0.4623673
0.3877551 0.7755102 10 -0.585433
0.3877551 0.7959184 10 -0.8647624
0.3877551 0.8163265 10 -1.282084
0.3877551 0.8367347 10 -1.810102
0.3877551 0.8571429 10 -2.414277
0.3877551 0.877551 10 -3.055091
0.3877551 0.8979592 10 -3.690627
0.3877551 0.9183673 10 -4.279315
0.3877551 0.9387755 10 -4.782649
0.3877551 0.9591837 10 -5.167706
0.3877551 0.9795918 10 -5.409299
0.3877551 1 10 -5.491625
0.4081633 0 10 -5.35824
0.4081633 0.02040816 10 -5.275914
0.4081633 0.04081633 10 -5.034321
0.4081633 0.06122449 10 -4.649264
0.4081633 0.08163265 10 -4.14593
0.4081633 0.1020408 10 -3.557242
0.4081633 0.122449 10 -2.921706
0.4081633 0.1428571 10 -2.280892
0.4081633 0.1632653 10 -1.676717
0.4081633 0.1836735 10 -1.148699
0.4081633 0.2040816 10 -0.7313774
0.4081633 0.2244898 10 -0.452048
0.4081633 0.244898 10 -0.3289823
0.4081633 0.2653061 10 -0.37023
0.4081633 0.2857143 10 -0.573093
0.4081633 0.3061224 10 -0.9243021
0.4081633 0.3265306 10 -1.400885
0.4081633 0.3469388 10 -1.971667
0.4081633 0.3673469 10 -2.599314
0.4081633 0.3877551 10 -3.242772
0.4081633 0.4081633 10 -3.859952
0.4081633 0.4285714 10 -4.410483
0.4081633 0.4489796 10 -4.858355
0.4081633 0.4693878 10 -5.174273
0.4081633 0.4897959 10 -5.337573
0.4081633 0.5102041 10 -5.337573
0.4081633 0.5306122 10 -5.174273
0.4081633 0.5510204 10 -4.858355
0.4081633 0.5714286 10 -4.410483
0.4081633 0.5918367 10 -3.859952
0.4081633 0.6122449 10 -3.242772
0.4081633 0.6326531 10 -2.599314
0.4081633 0.6530612 10 -1.971667
0.4081633 0.6734694 10 -1.400885
0.4081633 0.6938776 10 -0.9243021
0.4081633 0.7142857 10 -0.573093
0.4081633 0.7346939 10 -0.37023
0.4081633 0.755102 10 -0.3289823
0.4081633 0.7755102 10 -0.452048
0.4081633 0.7959184 10 -0.7313774
0.4081633 0.8163265 10 -1.148699
0.4081633 0.8367347 10 -1.676717
0.4081633 0.8571429 10 -2.280892
0.4081633 0.877551 10 -2.921706
0.4081633 0.8979592 10 -3.557242
0.4081633 0.9183673 10 -4.14593
0.4081633 0.9387755 10 -4.649264
0.4081633 0.9591837 10 -5.034321
0.4081633 0.9795918 10 -5.275914
0.4081633 1 10 -5.35824
0.4285714 0 10 -5.239259
0.4285714 0.02040816 10 -5.156933
0.4285714 0.04081633 10 -4.91534
0.4285714 0.06122449 10 -4.530284
0.4285714 0.08163265 10 -4.026949
0.4285714 0.1020408 10 -3.438261
0.4285714 0.122449 10 -2.802725
0.4285714 0.1428571 10 -2.161911
0.4285714 0.1632653 10 -1.557736
0.4285714 0.1836735 10 -1.029718
0.4285714 0.2040816 10 -0.6123965
0.4285714 0.2244898 10 -0.3330671
0.4285714 0.244898 10 -0.2100014
0.4285714 0.2653061 10 -0.2512491
0.4285714 0.2857143 10 -0.4541121
0.4285714 0.3061224 10 -0.8053212
0.4285714 0.3265306 10 -1.281904
0.4285714 0.3469388 10 -1.852686
0.4285714 0.3673469 10 -2.480334
0.4285714 0.3877551 10 -3.123791
0.4285714 0.4081633 10 -3.740971
0.4285714 0.4285714 10 -4.291502
0.4285714 0.4489796 10 -4.739374
0.4285714 0.4693878 10 -5.055292
0.4285714 0.4897959 10 -5.218592
0.4285714 0.5102041 10 -5.218592
0.4285714 0.5306122 10 -5.055292
0.4285714 0.5510204 10 -4.739374
0.4285714 0.5714286 10 -4.291502
0.4285714 0.5918367 10 -3.740971
0.4285714 0.6122449 10 -3.123791
0.4285714 0.6326531 10 -2.480334
0.4285714 0.6530612 10 -1.852686
0.4285714 0.6734694 10 -1.281904
0.4285714 0.6938776 10 -0.8053212
0.4285714 0.7142857 10 -0.4541121
0.4285714 0.7346939 10 -0.2512491
0.4285714 0.755102 10 -0.2100014
0.4285714 0.7755102 10 -0.3330671
0.4285714 0.7959184 10 -0.6123965
0.4285714 0.8163265 10 -1.029718
0.4285714 0.8367347 10 -1.557736
0.4285714 0.8571429 10 -2.161911
0.4285714 0.877551 10 -2.802725
0.4285714 0.8979592 10 -3.438261
0.4285714 0.9183673 10 -4.026949
0.4285714 0.9387755 10 -4.530284
0.4285714 0.9591837 10 -4.91534
0.4285714 0.9795918 10 -5.156933
0.4285714 1 10 -5.239259
0.4489796 0 10 -5.142464
0.4489796 0.02040816 10 -5.060139
0.4489796 0.04081633 10 -4.818546
0.4489796 0.06122449 10 -4.433489
0.4489796 0.08163265 10 -3.930155
0.4489796 0.1020408 10 -3.341467
0.4489796 0.122449 10 -2.70593
0.4489796 0.1428571 10 -2.065117
0.4489796 0.1632653 10 -1.460942
0.4489796 0.1836735 10 -0.9329242
0.4489796 0.2040816 10 -0.5156022
0.4489796 0.2244898 10 -0.2362728
0.4489796 0.244898 10 -0.1132071
0.4489796 0.2653061 10 -0.1544547
0.4489796 0.2857143 10 -0.3573178
0.4489796 0.3061224 10 -0.7085269
0.4489796 0.3265306 10 -1.185109
0.4489796 0.3469388 10 -1.755892
0.4489796 0.3673469 10 -2.383539
0.4489796 0.3877551 10 -3.026997
0.4489796 0.4081633 10 -3.644176
0.4489796 0.4285714 10 -4.194707
0.4489796 0.4489796 10 -4.64258
0.4489796 0.4693878 10 -4.958498
0.4489796 0.4897959 10 -5.121798
0.4489796 0.5102041 10 -5.121798
0.4489796 0.5306122 10 -4.958498
0.4489796 0.5510204 10 -4.64258
0.4489796 0.5714286 10 -4.194707
0.4489796 0.5918367 10 -3.644176
0.4489796 0.6122449 10 -3.026997
0.4489796 0.6326531 10 -2.383539
0.4489796 0.6530612 10 -1.755892
0.4489796 0.6734694 10 -1.185109
0.4489796 0.6938776 10 -0.7085269
0.4489796 0.7142857 10 -0.3573178
0.4489796 0.7346939 10 -0.1544547
0.4489796 0.755102 10 -0.1132071
0.4489796 0.7755102 10 -0.2362728
0.4489796 0.7959184 10 -0.5156022
0.4489796 0.8163265 10 -0.9329242
0.4489796 0.8367347 10 -1.460942
0.4489796 0.8571429 10 -2.065117
0.4489796 0.877551 10 -2.70593
0.4489796 0.8979592 10 -3.341467
0.4489796 0.9183673 10 -3.930155
0.4489796 0.9387755 10 -4.433489
0.4489796 0.9591837 10 -4.818546
0.4489796 0.9795918 10 -5.060139
0.4489796 1 10 -5.142464
0.4693878 0 10 -5.074188
0.4693878 0.02040816 10 -4.991862
0.4693878 0.04081633 10 -4.75027
0.4693878 0.06122449 10 -4.365213
0.4693878 0.08163265 10 -3.861879
0.4693878 0.1020408 10 -3.27319
0.4693878 0.122449 10 -2.637654
0.4693878 0.1428571 10 -1.99684
0.4693878 0.1632653 10 -1.392665
0.4693878 0.1836735 10 -0.8646478
0.4693878 0.2040816 10 -0.4473258
0.4693878 0.2244898 10 -0.1679964
0.4693878 0.244898 10 -0.04493071
0.4693878 0.2653061 10 -0.08617839
0.4693878 0.2857143 10 -0.2890414
0.4693878 0.3061224 10 -0.6402505
0.4693878 0.3265306 10 -1.116833
0.4693878 0.3469388 10 -1.687615
0.4693878 0.3673469 10 -2.315263
0.4693878 0.3877551 10 -2.958721
0.4693878 0.4081633 10 -3.5759
0.4693878 0.4285714 10 -4.126431
0.4693878 0.4489796 10 -4.574303
0.4693878 0.4693878 10 -4.890222
0.4693878 0.4897959 10 -5.053522
0.4693878 0.5102041 10 -5.053522
0.4693878 0.5306122 10 -4.890222
0.4693878 0.5510204 10 -4.574303
0.4693878 0.5714286 10 -4.126431
0.4693878 0.5918367 10 -3.5759
0.4693878 0.6122449 10 -2.958721
0.4693878 0.6326531 10 -2.315263
0.4693878 0.6530612 10 -1.687615
0.4693878 0.6734694 10 -1.116833
0.4693878 0.6938776 10 -0.6402505
0.4693878 0.7142857 10 -0.2890414
0.4693878 0.7346939 10 -0.08617839
0.4693878 0.755102 10 -0.04493071
0.4693878 0.7755102 10 -0.1679964
0.4693878 0.7959184 10 -0.4473258
0.4693878 0.8163265 10 -0.8646478
0.4693878 0.8367347 10 -1.392665
0.4693878 0.8571429 10 -1.99684
0.4693878 0.877551 10 -2.637654
0.4693878 0.8979592 10 -3.27319
0.4693878 0.9183673 10 -3.861879
0.4693878 0.9387755 10 -4.365213
0.4693878 0.9591837 10 -4.75027
0.4693878 0.9795918 10 -4.991862
0.4693878 1 10 -5.074188
0.4897959 0 10 -5.038896
0.4897959 0.02040816 10 -4.95657
0.4897959 0.04081633 10 -4.714977
0.4897959 0.06122449 10 -4.32992
0.4897959 0.08163265 10 -3.826586
0.4897959 0.1020408 10 -3.237898
0.4897959 0.122449 10 -2.602362
0.4897959 0.1428571 10 -1.961548
0.4897959 0.1632653 10 -1.357373
0.4897959 0.1836735 10 -0.8293554
0.4897959 0.2040816 10 -0.4120334
0.4897959 0.2244898 10 -0.132704
0.4897959 0.244898 10 -0.009638293
0.4897959 0.2653061 10 -0.05088596
0.4897959 0.2857143 10 -0.253749
0.4897959 0.3061224 10 -0.6049581
0.4897959 0.3265306 10 -1.081541
0.4897959 0.3469388 10 -1.652323
0.4897959 0.3673469 10 -2.27997
0.4897959 0.3877551 10 -2.923428
0.4897959 0.4081633 10 -3.540608
0.4897959 0.4285714 10 -4.091139
0.4897959 0.4489796 10 -4.539011
0.4897959 0.4693878 10 -4.854929
0.4897959 0.4897959 10 -5.018229
0.4897959 0.5102041 10 -5.018229
0.4897959 0.5306122 10 -4.854929
0.4897959 0.5510204 10 -4.539011
0.4897959 0.5714286 10 -4.091139
0.4897959 0.5918367 10 -3.540608
0.4897959 0.6122449 10 -2.923428
0.4897959 0.6326531 10 -2.27997
0.4897959 0.6530612 10 -1.652323
0.4897959 0.6734694 10 -1.081541
0.4897959 0.6938776 10 -0.6049581
0.4897959 0.7142857 10 -0.253749
0.4897959 0.7346939 10 -0.05088596
0.4897959 0.755102 10 -0.009638293
0.4897959 0.7755102 10 -0.132704
0.4897959 0.7959184 10 -0.4120334
0.4897959 0.8163265 10 -0.8293554
0.4897959 0.8367347 10 -1.357373
0.4897959 0.8571429 10 -1.961548
0.4897959 0.877551 10 -2.602362
0.4897959 0.8979592 10 -3.237898
0.4897959 0.9183673 10 -3.826586
0.4897959 0.9387755 10 -4.32992
0.4897959 0.9591837 10 -4.714977
0.4897959 0.9795918 10 -4.95657
0.4897959 1 10 -5.038896
0.5102041 0 10 -5.038896
0.5102041 0.02040816 10 -4.95657
0.5102041 0.04081633 10 -4.714977
0.5102041 0.06122449 10 -4.32992
0.5102041 0.08163265 10 -3.826586
0.5102041 0.1020408 10 -3.237898
0.5102041 0.122449 10 -2.602362
0.5102041 0.1428571 10 -1.961548
0.5102041 0.1632653 10 -1.357373
0.5102041 0.1836735 10 -0.8293554
0.5102041 0.2040816 10 -0.4120334
0.5102041 0.2244898 10 -0.132704
0.5102041 0.244898 10 -0.009638293
0.5102041 0.2653061 10 -0.05088596
0.5102041 0.2857143 10 -0.253749
0.5102041 0.3061224 10 -0.6049581
0.5102041 0.3265306 10 -1.081541
0.5102041 0.3469388 10 -1.652323
0.5102041 0.3673469 10 -2.27997
0.5102041 0.3877551 10 -2.923428
0.5102041 0.4081633 10 -3.540608
0.5102041 0.4285714 10 -4.091139
0.5102041 0.4489796 10 -4.539011
0.5102041 0.4693878 10 -4.854929
0.5102041 0.4897959 10 -5.018229
0.5102041 0.5102041 10 -5.018229
0.5102041 0.5306122 10 -4.854929
0.5102041 0.5510204 10 -4.539011
0.5102041 0.5714286 10 -4.091139
0.5102041 0.5918367 10 -3.540608
0.5102041 0.6122449 10 -2.923428
0.5102041 0.6326531 10 -2.27997
0.5102041 0.6530612 10 -1.652323
0.5102041 0.6734694 10 -1.081541
0.5102041 0.6938776 10 -0.6049581
0.5102041 0.7142857 10 -0.253749
0.5102041 0.7346939 10 -0.05088596
0.5102041 0.755102 10 -0.009638293
0.5102041 0.7755102 10 -0.132704
0.5102041 0.7959184 10 -0.4120334
0.5102041 0.8163265 10 -0.8293554
0.5102041 0.8367347 10 -1.357373
0.5102041 0.8571429 10 -1.961548
0.5102041 0.877551 10 -2.602362
0.5102041 0.8979592 10 -3.237898
0.5102041 0.9183673 10 -3.826586
0.5102041 0.9387755 10 -4.32992
0.5102041 0.9591837 10 -4.714977
0.5102041 0.9795918 10 -4.95657
0.5102041 1 10 -5.038896
0.5306122 0 10 -5.074188
0.5306122 0.02040816 10 -4.991862
0.5306122 0.04081633 10 -4.75027
0.5306122 0.06122449 10 -4.365213
0.5306122 0.08163265 10 -3.861879
0.5306122 0.1020408 10 -3.27319
0.5306122 0.122449 10 -2.637654
0.5306122 0.1428571 10 -1.99684
0.5306122 0.1632653 10 -1.392665
0.5306122 0.1836735 10 -0.8646478
0.5306122 0.2040816 10 -0.4473258
0.5306122 0.2244898 10 -0.1679964
0.5306122 0.244898 10 -0.04493071
0.5306122 0.2653061 10 -0.08617839
0.5306122 0.2857143 10 -0.2890414
0.5306122 0.3061224 10 -0.6402505
0.5306122 0.3265306 10 -1.116833
0.5306122 0.3469388 10 -1.687615
0.5306122 0.3673469 10 -2.315263
0.5306122 0.3877551 10 -2.958721
0.5306122 0.4081633 10 -3.5759
0.5306122 0.4285714 10 -4.126431
0.5306122 0.4489796 10 -4.574303
0.5306122 0.4693878 10 -4.890222
0.5306122 0.4897959 10 -5.053522
0.5306122 0.5102041 10 -5.053522
0.5306122 0.5306122 10 -4.890222
0.5306122 0.5510204 10 -4.574303
0.5306122 0.5714286 10 -4.126431
0.5306122 0.5918367 10 -3.5759
0.5306122 0.6122449 10 -2.958721
0.5306122 0.6326531 10 -2.315263
0.5306122 0.6530612 10 -1.687615
0.5306122 0.6734694 10 -1.116833
0.5306122 0.6938776 10 -0.6402505
0.5306122 0.7142857 10 -0.2890414
0.5306122 0.7346939 10 -0.08617839
0.5306122 0.755102 10 -0.04493071
0.5306122 0.7755102 10 -0.1679964
0.5306122 0.7959184 10 -0.4473258
0.5306122 0.8163265 10 -0.8646478
0.5306122 0.8367347 10 -1.392665
0.5306122 0.8571429 10 -1.99684
0.5306122 0.877551 10 -2.637654
0.5306122 0.8979592 10 -3.27319
0.5306122 0.9183673 10 -3.861879
0.5306122 0.9387755 10 -4.365213
0.5306122 0.9591837 10 -4.75027
0.5306122 0.9795918 10 -4.991862
0.5306122 1 10 -5.074188
0.5510204 0 10 -5.142464
0.5510204 0.02040816 10 -5.060139
0.5510204 0.04081633 10 -4.818546
0.5510204 0.06122449 10 -4.433489
0.5510204 0.08163265 10 -3.930155
0.5510204 0.1020408 10 -3.341467
0.5510204 0.122449 10 -2.70593
0.5510204 0.1428571 10 -2.065117
0.5510204 0.1632653 10 -1.460942
0.5510204 0.1836735 10 -0.9329242
0.5510204 0.2040816 10 -0.5156022
0.5510204 0.2244898 10 -0.2362728
0.5510204 0.244898 10 -0.1132071
0.5510204 0.2653061 10 -0.1544547
0.5510204 0.2857143 10 -0.3573178
0.5510204 0.3061224 10 -0.7085269
0.5510204 0.3265306 10 -1.185109
0.5510204 0.3469388 10 -1.755892
0.5510204 0.3673469 10 -2.383539
0.5510204 0.3877551 10 -3.026997
0.5510204 0.4081633 10 -3.644176
0.5510204 0.4285714 10 -4.194707
0.5510204 0.4489796 10 -4.64258
0.5510204 0.4693878 10 -4.958498
0.5510204 0.4897959 10 -5.121798
0.5510204 0.5102041 10 -5.121798
0.5510204 0.5306122 10 -4.958498
0.5510204 0.5510204 10 -4.64258
0.5510204 0.5714286 10 -4.194707
0.5510204 0.5918367 10 -3.644176
0.5510204 0.6122449 10 -3.026997
0.5510204 0.6326531 10 -2.383539
0.5510204 0.6530612 10 -1.755892
0.5510204 0.6734694 10 -1.185109
0.5510204 0.6938776 10 -0.7085269
0.5510204 0.7142857 10 -0.3573178
0.5510204 0.7346939 10 -0.1544547
0.5510204 0.755102 10 -0.1132071
0.5510204 0.7755102 10 -0.2362728
0.5510204 0.7959184 10 -0.5156022
0.5510204 0.8163265 10 -0.9329242
0.5510204 0.8367347 10 -1.460942
0.5510204 0.8571429 10 -2.065117
0.5510204 0.877551 10 -2.70593
0.5510204 0.8979592 10 -3.341467
0.5510204 0.9183673 10 -3.930155
0.5510204 0.9387755 10 -4.433489
0.5510204 0.9591837 10 -4.818546
0.5510204 0.9795918 10 -5.060139
0.5510204 1 10 -5.142464
0.5714286 0 10 -5.239259
0.5714286 0.02040816 10 -5.156933
0.5714286 0.04081633 10 -4.91534
0.5714286 0.06122449 10 -4.530284
0.5714286 0.08163265 10 -4.026949
0.5714286 0.1020408 10 -3.438261
0.5714286 0.122449 10 -2.802725
0.5714286 0.1428571 10 -2.161911
0.5714286 0.1632653 10 -1.557736
0.5714286 0.1836735 10 -1.029718
0.5714286 0.2040816 10 -0.6123965
0.5714286 0.2244898 10 -0.3330671
0.5714286 0.244898 10 -0.2100014
0.5714286 0.2653061 10 -0.2512491
0.5714286 0.2857143 10 -0.4541121
0.5714286 0.3061224 10 -0.8053212
0.5714286 0.3265306 10 -1.281904
0.5714286 0.3469388 10 -1.852686
0.5714286 0.3673469 10 -2.480334
0.5714286 0.3877551 10 -3.123791
0.5714286 0.4081633 10 -3.740971
0.5714286 0.4285714 10 -4.291502
0.5714286 0.4489796 10 -4.739374
0.5714286 0.4693878 10 -5.055292
0.5714286 0.4897959 10 -5.218592
0.5714286 0.5102041 10 -5.218592
0.5714286 0.5306122 10 -5.055292
0.5714286 0.5510204 10 -4.739374
0.5714286 0.5714286 10 -4.291502
0.5714286 0.5918367 10 -3.740971
0.5714286 0.6122449 10 -3.123791
0.5714286 0.6326531 10 -2.480334
0.5714286 0.6530612 10 -1.852686
0.5714286 0.6734694 10 -1.281904
0.5714286 0.6938776 10 -0.8053212
0.5714286 0.7142857 10 -0.4541121
0.5714286 0.7346939 10 -0.2512491
0.5714286 0.755102 10 -0.2100014
0.5714286 0.7755102 10 -0.3330671
0.5714286 0.7959184 10 -0.6123965
0.5714286 0.8163265 10 -1.029718
0.5714286 0.8367347 10 -1.557736
0.5714286 0.8571429 10 -2.161911
0.5714286 0.877551 10 -2.802725
0.5714286 0.8979592 10 -3.438261
0.5714286 0.9183673 10 -4.026949
0.5714286 0.9387755 10 -4.530284
0.5714286 0.9591837 10 -4.91534
0.5714286 0.9795918 10 -5.156933
0.5714286 1 10 -5.239259
0.5918367 0 10 -5.35824
0.5918367 0.02040816 10 -5.275914
0.5918367 0.04081633 10 -5.034321
0.5918367 0.06122449 10 -4.649264
0.5918367 0.08163265 10 -4.14593
0.5918367 0.1020408 10 -3.557242
0.5918367 0.122449 10 -2.921706
0.5918367 0.1428571 10 -2.280892
0.5918367 0.1632653 10 -1.676717
0.5918367 0.1836735 10 -1.148699
0.5918367 0.2040816 10 -0.7313774
0.5918367 0.2244898 10 -0.452048
0.5918367 0.244898 10 -0.3289823
0.5918367 0.2653061 10 -0.37023
0.5918367 0.2857143 10 -0.573093
0.5918367 0.3061224 10 -0.9243021
0.5918367 0.3265306 10 -1.400885
0.5918367 0.3469388 10 -1.971667
0.5918367 0.3673469 10 -2.599314
0.5918367 0.3877551 10 -3.242772
0.5918367 0.4081633 10 -3.859952
0.5918367 0.4285714 10 -4.410483
0.5918367 0.4489796 10 -4.858355
0.5918367 0.4693878 10 -5.174273
0.5918367 0.4897959 10 -5.337573
0.5918367 0.5102041 10 -5.337573
0.5918367 0.5306122 10 -5.174273
0.5918367 0.5510204 10 -4.858355
0.5918367 0.5714286 10 -4.410483
0.5918367 0.5918367 10 -3.859952
0.5918367 0.6122449 10 -3.242772
0.5918367 0.6326531 10 -2.599314
0.5918367 0.6530612 10 -1.971667
0.5918367 0.6734694 10 -1.400885
0.5918367 0.6938776 10 -0.9243021
0.5918367 0.7142857 10 -0.573093
0.5918367 0.7346939 10 -0.37023
0.5918367 0.755102 10 -0.3289823
0.5918367 0.7755102 10 -0.452048
0.5918367 0.7959184 10 -0.7313774
0.5918367 0.8163265 10 -1.148699
0.5918367 0.8367347 10 -1.676717
0.5918367 0.8571429 10 -2.280892
0.5918367 0.877551 10 -2.921706
0.5918367 0.8979592 10 -3.557242
0.5918367 0.9183673 10 -4.14593
0.5918367 0.9387755 10 -4.649264
0.5918367 0.9591837 10 -5.034321
0.5918367 0.9795918 10 -5.275914
0.5918367 1 10 -5.35824
0.6122449 0 10 -5.491625
0.6122449 0.02040816 10 -5.409299
0.6122449 0.04081633 10 -5.167706
0.6122449 0.06122449 10 -4.782649
0.6122449 0.08163265 10 -4.279315
0.6122449 0.1020408 10 -3.690627
0.6122449 0.122449 10 -3.055091
0.6122449 0.1428571 10 -2.414277
0.6122449 0.1632653 10 -1.810102
0.6122449 0.1836735 10 -1.282084
0.6122449 0.2040816 10 -0.8647624
0.6122449 0.2244898 10 -0.585433
0.6122449 0.244898 10 -0.4623673
0.6122449 0.2653061 10 -0.503615
0.6122449 0.2857143 10 -0.706478
0.6122449 0.3061224 10 -1.057687
0.6122449 0.3265306 10 -1.53427
0.6122449 0.3469388 10 -2.105052
0.6122449 0.3673469 10 -2.732699
0.6122449 0.3877551 10 -3.376157
0.6122449 0.4081633 10 -3.993337
0.6122449 0.4285714 10 -4.543868
0.6122449 0.4489796 10 -4.99174
0.6122449 0.4693878 10 -5.307658
0.6122449 0.4897959 10 -5.470958
0.6122449 0.5102041 10 -5.470958
0.6122449 0.5306122 10 -5.307658
0.6122449 0.5510204 10 -4.99174
0.6122449 0.5714286 10 -4.543868
0.6122449 0.5918367 10 -3.993337
0.6122449 0.6122449 10 -3.376157
0.6122449 0.6326531 10 -2.732699
0.6122449 0.6530612 10 -2.105052
0.6122449 0.6734694 10 -1.53427
0.6122449 0.6938776 10 -1.057687
0.6122449 0.7142857 10 -0.706478
0.6122449 0.7346939 10 -0.503615
0.6122449 0.755102 10 -0.4623673
0.6122449 0.7755102 10 -0.585433
0.6122449 0.7959184 10 -0.8647624
0.6122449 0.8163265 10 -1.282084
0.6122449 0.8367347 10 -1.810102
0.6122449 0.8571429 10 -2.414277
0.6122449 0.877551 10 -3.055091
0.6122449 0.8979592 10 -3.690627
0.6122449 0.9183673 10 -4.279315
0.6122449 0.9387755 10 -4.782649
0.6122449 0.9591837 10 -5.167706
0.6122449 0.9795918 10 -5.409299
0.6122449 1 10 -5.491625
0.6326531 0 10 -5.630689
0.6326531 0.02040816 10 -5.548363
0.6326531 0.04081633 10 -5.30677
0.6326531 0.06122449 10 -4.921714
0.6326531 0.08163265 10 -4.41838
0.6326531 0.1020408 10 -3.829691
0.6326531 0.122449 10 -3.194155
0.6326531 0.1428571 10 -2.553341
0.6326531 0.1632653 10 -1.949166
0.6326531 0.1836735 10 -1.421149
0.6326531 0.2040816 10 -1.003827
0.6326531 0.2244898 10 -0.7244973
0.6326531 0.244898 10 -0.6014316
0.6326531 0.2653061 10 -0.6426792
0.6326531 0.2857143 10 -0.8455423
0.6326531 0.3061224 10 -1.196751
0.6326531 0.3265306 10 -1.673334
0.6326531 0.3469388 10 -2.244116
0.6326531 0.3673469 10 -2.871764
0.6326531 0.3877551 10 -3.515221
0.6326531 0.4081633 10 -4.132401
0.6326531 0.4285714 10 -4.682932
0.6326531 0.4489796 10 -5.130804
0.6326531 0.4693878 10 -5.446723
0.6326531 0.4897959 10 -5.610023
0.6326531 0.5102041 10 -5.610023
0.6326531 0.5306122 10 -5.446723
0.6326531 0.5510204 10 -5.130804
0.6326531 0.5714286 10 -4.682932
0.6326531 0.5918367 10 -4.132401
0.6326531 0.6122449 10 -3.515221
0.6326531 0.6326531 10 -2.871764
0.6326531 0.6530612 10 -2.244116
0.6326531 0.6734694 10 -1.673334
0.6326531 0.6938776 10 -1.196751
0.6326531 0.7142857 10 -0.8455423
0.6326531 0.7346939 10 -0.6426792
0.6326531 0.755102 10 -0.6014316
0.6326531 0.7755102 10 -0.7244973
0.6326531 0.7959184 10 -1.003827
0.6326531 0.8163265 10 -1.421149
0.6326531 0.8367347 10 -1.949166
0.6326531 0.8571429 10 -2.553341
0.6326531 0.877551 10 -3.194155
0.6326531 0.8979592 10 -3.829691
0.6326531 0.9183673 10 -4.41838
0.6326531 0.9387755 10 -4.921714
0.6326531 0.9591837 10 -5.30677
0.6326531 0.9795918 10 -5.548363
0.6326531 1 10 -5.630689
0.6530612 0 10 -5.766336
0.6530612 0.02040816 10 -5.68401
0.6530612 0.04081633 10 -5.442418
0.6530612 0.06122449 10 -5.057361
0.6530612 0.08163265 10 -4.554027
0.6530612 0.1020408 10 -3.965339
0.6530612 0.122449 10 -3.329802
0.6530612 0.1428571 10 -2.688989
0.6530612 0.1632653 10 -2.084813
0.6530612 0.1836735 10 -1.556796
0.6530612 0.2040816 10 -1.139474
0.6530612 0.2244898 10 -0.8601446
0.6530612 0.244898 10 -0.7370789
0.6530612 0.2653061 10 -0.7783266
0.6530612 0.2857143 10 -0.9811896
0.6530612 0.3061224 10 -1.332399
0.6530612 0.3265306 10 -1.808981
0.6530612 0.3469388 10 -2.379764
0.6530612 0.3673469 10 -3.007411
0.6530612 0.3877551 10 -3.650869
0.6530612 0.4081633 10 -4.268048
0.6530612 0.4285714 10 -4.818579
0.6530612 0.4489796 10 -5.266452
0.6530612 0.4693878 10 -5.58237
0.6530612 0.4897959 10 -5.74567
0.6530612 0.5102041 10 -5.74567
0.6530612 0.5306122 10 -5.58237
0.6530612 0.5510204 10 -5.266452
0.6530612 0.5714286 10 -4.818579
0.6530612 0.5918367 10 -4.268048
0.6530612 0.6122449 10 -3.650869
0.6530612 0.6326531 10 -3.007411
0.6530612 0.6530612 10 -2.379764
0.6530612 0.6734694 10 -1.808981
0.6530612 0.6938776 10 -1.332399
0.6530612 0.7142857 10 -0.9811896
0.6530612 0.7346939 10 -0.7783266
0.6530612 0.755102 10 -0.7370789
0.6530612 0.7755102 10 -0.8601446
0.6530612 0.7959184 10 -1.139474
0.6530612 0.8163265 10 -1.556796
0.6530612 0.8367347 10 -2.084813
0.6530612 0.8571429 10 -2.688989
0.6530612 0.877551 10 -3.329802
0.6530612 0.8979592 10 -3.965339
0.6530612 0.9183673 10 -4.554027
0.6530612 0.9387755 10 -5.057361
0.6530612 0.9591837 10 -5.442418
0.6530612 0.9795918 10 -5.68401
0.6530612 1 10 -5.766336
0.6734694 0 10 -5.889694
0.6734694 0.02040816 10 -5.807368
0.6734694 0.04081633 10 -5.565775
0.6734694 0.06122449 10 -5.180719
0.6734694 0.08163265 10 -4.677385
0.6734694 0.1020408 10 -4.088696
0.6734694 0.122449 10 -3.45316
0.6734694 0.1428571 10 -2.812346
0.6734694 0.1632653 10 -2.208171
0.6734694 0.1836735 10 -1.680154
0.6734694 0.2040816 10 -1.262832
0.6734694 0.2244898 10 -0.9835023
0.6734694 0.244898 10 -0.8604365
0.6734694 0.2653061 10 -0.9016842
0.6734694 0.2857143 10 -1.104547
0.6734694 0.3061224 10 -1.455756
0.6734694 0.3265306 10 -1.932339
0.6734694 0.3469388 10 -2.503121
0.6734694 0.3673469 10 -3.130769
0.6734694 0.3877551 10 -3.774226
0.6734694 0.4081633 10 -4.391406
0.6734694 0.4285714 10 -4.941937
0.6734694 0.4489796 10 -5.389809
0.6734694 0.4693878 10 -5.705728
0.6734694 0.4897959 10 -5.869028
0.6734694 0.5102041 10 -5.869028
0.6734694 0.5306122 10 -5.705728
0.6734694 0.5510204 10 -5.389809
0.6734694 0.5714286 10 -4.941937
0.6734694 0.5918367 10 -4.391406
0.6734694 0.6122449 10 -3.774226
0.6734694 0.6326531 10 -3.130769
0.6734694 0.6530612 10 -2.503121
0.6734694 0.6734694 10 -1.932339
0.6734694 0.6938776 10 -1.455756
0.6734694 0.7142857 10 -1.104547
0.6734694 0.7346939 10 -0.9016842
0.6734694 0.755102 10 -0.8604365
0.6734694 0.7755102 10 -0.9835023
0.6734694 0.7959184 10 -1.262832
0.6734694 0.8163265 10 -1.680154
0.6734694 0.8367347 10 -2.208171
0.6734694 0.8571429 10 -2.812346
0.6734694 0.877551 10 -3.45316
0.6734694 0.8979592 10 -4.088696
0.6734694 0.9183673 10 -4.677385
0.6734694 0.9387755 10 -5.180719
0.6734694 0.9591837 10 -5.565775
0.6734694 0.9795918 10 -5.807368
0.6734694 1 10 -5.889694
0.6938776 0 10 -5.992693
0.6938776 0.02040816 10 -5.910367
0.6938776 0.04081633 10 -5.668775
0.6938776 0.06122449 10 -5.283718
0.6938776 0.08163265 10 -4.780384
0.6938776 0.1020408 10 -4.191695
0.6938776 0.122449 10 -3.556159
0.6938776 0.1428571 10 -2.915345
0.6938776 0.1632653 10 -2.31117
0.6938776 0.1836735 10 -1.783153
0.6938776 0.2040816 10 -1.365831
0.6938776 0.2244898 10 -1.086501
0.6938776 0.244898 10 -0.9634357
0.6938776 0.2653061 10 -1.004683
0.6938776 0.2857143 10 -1.207546
0.6938776 0.3061224 10 -1.558756
0.6938776 0.3265306 10 -2.035338
0.6938776 0.3469388 10 -2.60612
0.6938776 0.3673469 10 -3.233768
0.6938776 0.3877551 10 -3.877226
0.6938776 0.4081633 10 -4.494405
0.6938776 0.4285714 10 -5.044936
0.6938776 0.4489796 10 -5.492808
0.6938776 0.4693878 10 -5.808727
0.6938776 0.4897959 10 -5.972027
0.6938776 0.5102041 10 -5.972027
0.6938776 0.5306122 10 -5.808727
0.6938776 0.5510204 10 -5.492808
0.6938776 0.5714286 10 -5.044936
0.6938776 0.5918367 10 -4.494405
0.6938776 0.6122449 10 -3.877226
0.6938776 0.6326531 10 -3.233768
0.6938776 0.6530612 10 -2.60612
0.6938776 0.6734694 10 -2.035338
0.6938776 0.6938776 10 -1.558756
0.6938776 0.7142857 10 -1.207546
0.6938776 0.7346939 10 -1.004683
0.6938776 0.755102 10 -0.9634357
0.6938776 0.7755102 10 -1.086501
0.6938776 0.7959184 10 -1.365831
0.6938776 0.8163265 10 -1.783153
0.6938776 0.8367347 10 -2.31117
0.6938776 0.8571429 10 -2.915345
0.6938776 0.877551 10 -3.556159
0.6938776 0.8979592 10 -4.191695
0.6938776 0.9183673 10 -4.780384
0.6938776 0.9387755 10 -5.283718
0.6938776 0.9591837 10 -5.668775
0.6938776 0.9795918 10 -5.910367
0.6938776 1 10 -5.992693
0.7142857 0 10 -6.068596
0.7142857 0.02040816 10 -5.986271
0.7142857 0.04081633 10 -5.744678
0.7142857 0.06122449 10 -5.359621
0.7142857 0.08163265 10 -4.856287
0.7142857 0.1020408 10 -4.267599
0.7142857 0.122449 10 -3.632062
0.7142857 0.1428571 10 -2.991249
0.7142857 0.1632653 10 -2.387074
0.7142857 0.1836735 10 -1.859056
0.7142857 0.2040816 10 -1.441734
0.7142857 0.2244898 10 -1.162405
0.7142857 0.244898 10 -1.039339
0.7142857 0.2653061 10 -1.080587
0.7142857 0.2857143 10 -1.28345
0.7142857 0.3061224 10 -1.634659
0.7142857 0.3265306 10 -2.111241
0.7142857 0.3469388 10 -2.682024
0.7142857 0.3673469 10 -3.309671
0.7142857 0.3877551 10 -3.953129
0.7142857 0.4081633 10 -4.570308
0.7142857 0.4285714 10 -5.120839
0.7142857 0.4489796 10 -5.568712
0.7142857 0.4693878 10 -5.88463
0.7142857 0.4897959 10 -6.04793
0.7142857 0.5102041 10 -6.04793
0.7142857 0.5306122 10 -5.88463
0.7142857 0.5510204 10 -5.568712
0.7142857 0.5714286 10 -5.120839
0.7142857 0.5918367 10 -4.570308
0.7142857 0.6122449 10 -3.953129
0.7142857 0.6326531 10 -3.309671
0.7142857 0.6530612 10 -2.682024
0.7142857 0.6734694 10 -2.111241
0.7142857 0.6938776 10 -1.634659
0.7142857 0.7142857 10 -1.28345
0.7142857 0.7346939 10 -1.080587
0.7142857 0.755102 10 -1.039339
0.7142857 0.7755102 10 -1.162405
0.7142857 0.7959184 10 -1.441734
0.7142857 0.8163265 10 -1.859056
0.7142857 0.8367347 10 -2.387074
0.7142857 0.8571429 10 -2.991249
0.7142857 0.877551 10 -3.632062
0.7142857 0.8979592 10 -4.267599
0.7142857 0.9183673 10 -4.856287
0.7142857 0.9387755 10 -5.359621
0.7142857 0.9591837 10 -5.744678
0.7142857 0.9795918 10 -5.986271
0.7142857 1 10 -6.068596
0.7346939 0 10 -6.112439
0.7346939 0.02040816 10 -6.030113
0.7346939 0.04081633 10 -5.788521
0.7346939 0.06122449 10 -5.403464
0.7346939 0.08163265 10 -4.90013
0.7346939 0.1020408 10 -4.311442
0.7346939 0.122449 10 -3.675905
0.7346939 0.1428571 10 -3.035092
0.7346939 0.1632653 10 -2.430916
0.7346939 0.1836735 10 -1.902899
0.7346939 0.2040816 10 -1.485577
0.7346939 0.2244898 10 -1.206248
0.7346939 0.244898 10 -1.083182
0.7346939 0.2653061 10 -1.12443
0.7346939 0.2857143 10 -1.327293
0.7346939 0.3061224 10 -1.678502
0.7346939 0.3265306 10 -2.155084
0.7346939 0.3469388 10 -2.725867
0.7346939 0.3673469 10 -3.353514
0.7346939 0.3877551 10 -3.996972
0.7346939 0.4081633 10 -4.614151
0.7346939 0.4285714 10 -5.164682
0.7346939 0.4489796 10 -5.612555
0.7346939 0.4693878 10 -5.928473
0.7346939 0.4897959 10 -6.091773
0.7346939 0.5102041 10 -6.091773
0.7346939 0.5306122 10 -5.928473
0.7346939 0.5510204 10 -5.612555
0.7346939 0.5714286 10 -5.164682
0.7346939 0.5918367 10 -4.614151
0.7346939 0.6122449 10 -3.996972
0.7346939 0.6326531 10 -3.353514
0.7346939 0.6530612 10 -2.725867
0.7346939 0.6734694 10 -2.155084
0.7346939 0.6938776 10 -1.678502
0.7346939 0.7142857 10 -1.327293
0.7346939 0.7346939 10 -1.12443
0.7346939 0.755102 10 -1.083182
0.7346939 0.7755102 10 -1.206248
0.7346939 0.7959184 10 -1.485577
0.7346939 0.8163265 10 -1.902899
0.7346939 0.8367347 10 -2.430916
0.7346939 0.8571429 10 -3.035092
0.7346939 0.877551 10 -3.675905
0.7346939 0.8979592 10 -4.311442
0.7346939 0.9183673 10 -4.90013
0.7346939 0.9387755 10 -5.403464
0.7346939 0.9591837 10 -5.788521
0.7346939 0.9795918 10 -6.030113
0.7346939 1 10 -6.112439
0.755102 0 10 -6.121354
0.755102 0.02040816 10 -6.039028
0.755102 0.04081633 10 -5.797435
0.755102 0.06122449 10 -5.412379
0.755102 0.08163265 10 -4.909044
0.755102 0.1020408 10 -4.320356
0.755102 0.122449 10 -3.68482
0.755102 0.1428571 10 -3.044006
0.755102 0.1632653 10 -2.439831
0.755102 0.1836735 10 -1.911813
0.755102 0.2040816 10 -1.494491
0.755102 0.2244898 10 -1.215162
0.755102 0.244898 10 -1.092096
0.755102 0.2653061 10 -1.133344
0.755102 0.2857143 10 -1.336207
0.755102 0.3061224 10 -1.687416
0.755102 0.3265306 10 -2.163999
0.755102 0.3469388 10 -2.734781
0.755102 0.3673469 10 -3.362428
0.755102 0.3877551 10 -4.005886
0.755102 0.4081633 10 -4.623066
0.755102 0.4285714 10 -5.173597
0.755102 0.4489796 10 -5.621469
0.755102 0.4693878 10 -5.937387
0.755102 0.4897959 10 -6.100687
0.755102 0.5102041 10 -6.100687
0.755102 0.5306122 10 -5.937387
0.755102 0.5510204 10 -5.621469
0.755102 0.5714286 10 -5.173597
0.755102 0.5918367 10 -4.623066
0.755102 0.6122449 10 -4.005886
0.755102 0.6326531 10 -3.362428
0.755102 0.6530612 10 -2.734781
0.755102 0.6734694 10 -2.163999
0.755102 0.6938776 10 -1.687416
0.755102 0.7142857 10 -1.336207
0.755102 0.7346939 10 -1.133344
0.755102 0.755102 10 -1.092096
0.755102 0.7755102 10 -1.215162
0.755102 0.7959184 10 -1.494491
0.755102 0.8163265 10 -1.911813
0.755102 0.8367347 10 -2.439831
0.755102 0.8571429 10 -3.044006
0.755102 0.877551 10 -3.68482
0.755102 0.8979592 10 -4.320356
0.755102 0.9183673 10 -4.909044
0.755102 0.9387755 10 -5.412379
0.755102 0.9591837 10 -5.797435
0.755102 0.9795918 10 -6.039028
0.755102 1 10 -6.121354
0.7755102 0 10 -6.094757
0.7755102 0.02040816 10 -6.012431
0.7755102 0.04081633 10 -5.770838
0.7755102 0.06122449 10 -5.385782
0.7755102 0.08163265 10 -4.882447
0.7755102 0.1020408 10 -4.293759
0.7755102 0.122449 10 -3.658223
0.7755102 0.1428571 10 -3.017409
0.7755102 0.1632653 10 -2.413234
0.7755102 0.1836735 10 -1.885216
0.7755102 0.2040816 10 -1.467894
0.7755102 0.2244898 10 -1.188565
0.7755102 0.244898 10 -1.065499
0.7755102 0.2653061 10 -1.106747
0.7755102 0.2857143 10 -1.30961
0.7755102 0.3061224 10 -1.660819
0.7755102 0.3265306 10 -2.137402
0.7755102 0.3469388 10 -2.708184
0.7755102 0.3673469 10 -3.335831
0.7755102 0.3877551 10 -3.979289
0.7755102 0.4081633 10 -4.596469
0.7755102 0.4285714 10 -5.147
0.7755102 0.4489796 10 -5.594872
0.7755102 0.4693878 10 -5.91079
0.7755102 0.4897959 10 -6.07409
0.7755102 0.5102041 10 -6.07409
0.7755102 0.5306122 10 -5.91079
0.7755102 0.5510204 10 -5.594872
0.7755102 0.5714286 10 -5.147
0.7755102 0.5918367 10 -4.596469
0.7755102 0.6122449 10 -3.979289
0.7755102 0.6326531 10 -3.335831
0.7755102 0.6530612 10 -2.708184
0.7755102 0.6734694 10 -2.137402
0.7755102 0.6938776 10 -1.660819
0.7755102 0.7142857 10 -1.30961
0.7755102 0.7346939 10 -1.106747
0.7755102 0.755102 10 -1.065499
0.7755102 0.7755102 10 -1.188565
0.7755102 0.7959184 10 -1.467894
0.7755102 0.8163265 10 -1.885216
0.7755102 0.8367347 10 -2.413234
0.7755102 0.8571429 10 -3.017409
0.7755102 0.877551 10 -3.658223
0.7755102 0.8979592 10 -4.293759
0.7755102 0.9183673 10 -4.882447
0.7755102 0.9387755 10 -5.385782
0.7755102 0.9591837 10 -5.770838
0.7755102 0.9795918 10 -6.012431
0.7755102 1 10 -6.094757
0.7959184 0 10 -6.034388
0.7959184 0.02040816 10 -5.952062
0.7959184 0.04081633 10 -5.710469
0.7959184 0.06122449 10 -5.325413
0.7959184 0.08163265 10 -4.822079
0.7959184 0.1020408 10 -4.23339
0.7959184 0.122449 10 -3.597854
0.7959184 0.1428571 10 -2.95704
0.7959184 0.1632653 10 -2.352865
0.7959184 0.1836735 10 -1.824848
0.7959184 0.2040816 10 -1.407526
0.7959184 0.2244898 10 -1.128196
0.7959184 0.244898 10 -1.005131
0.7959184 0.2653061 10 -1.046378
0.7959184 0.2857143 10 -1.249241
0.7959184 0.3061224 10 -1.60045
0.7959184 0.3265306 10 -2.077033
0.7959184 0.3469388 10 -2.647815
0.7959184 0.3673469 10 -3.275463
0.7959184 0.3877551 10 -3.918921
0.7959184 0.4081633 10 -4.5361
0.7959184 0.4285714 10 -5.086631
0.7959184 0.4489796 10 -5.534503
0.7959184 0.4693878 10 -5.850422
0.7959184 0.4897959 10 -6.013722
0.7959184 0.5102041 10 -6.013722
0.7959184 0.5306122 10 -5.850422
0.7959184 0.5510204 10 -5.534503
0.7959184 0.5714286 10 -5.086631
0.7959184 0.5918367 10 -4.5361
0.7959184 0.6122449 10 -3.918921
0.7959184 0.6326531 10 -3.275463
0.7959184 0.6530612 10 -2.647815
0.7959184 0.6734694 10 -2.077033
0.7959184 0.6938776 10 -1.60045
0.7959184 0.7142857 10 -1.249241
0.7959184 0.7346939 10 -1.046378
0.7959184 0.755102 10 -1.005131
0.7959184 0.7755102 10 -1.128196
0.7959184 0.7959184 10 -1.407526
0.7959184 0.8163265 10 -1.824848
0.7959184 0.8367347 10 -2.352865
0.7959184 0.8571429 10 -2.95704
0.7959184 0.877551 10 -3.597854
0.7959184 0.8979592 10 -4.23339
0.7959184 0.9183673 10 -4.822079
0.7959184 0.9387755 10 -5.325413
0.7959184 0.9591837 10 -5.710469
0.7959184 0.9795918 10 -5.952062
0.7959184 1 10 -6.034388
0.8163265 0 10 -5.944196
0.8163265 0.02040816 10 -5.86187
0.8163265 0.04081633 10 -5.620278
0.8163265 0.06122449 10 -5.235221
0.8163265 0.08163265 10 -4.731887
0.8163265 0.1020408 10 -4.143199
0.8163265 0.122449 10 -3.507662
0.8163265 0.1428571 10 -2.866849
0.8163265 0.1632653 10 -2.262673
0.8163265 0.1836735 10 -1.734656
0.8163265 0.2040816 10 -1.317334
0.8163265 0.2244898 10 -1.038005
0.8163265 0.244898 10 -0.9149389
0.8163265 0.2653061 10 -0.9561865
0.8163265 0.2857143 10 -1.15905
0.8163265 0.3061224 10 -1.510259
0.8163265 0.3265306 10 -1.986841
0.8163265 0.3469388 10 -2.557624
0.8163265 0.3673469 10 -3.185271
0.8163265 0.3877551 10 -3.828729
0.8163265 0.4081633 10 -4.445908
0.8163265 0.4285714 10 -4.996439
0.8163265 0.4489796 10 -5.444312
0.8163265 0.4693878 10 -5.76023
0.8163265 0.4897959 10 -5.92353
0.8163265 0.5102041 10 -5.92353
0.8163265 0.5306122 10 -5.76023
0.8163265 0.5510204 10 -5.444312
0.8163265 0.5714286 10 -4.996439
0.8163265 0.5918367 10 -4.445908
0.8163265 0.6122449 10 -3.828729
0.8163265 0.6326531 10 -3.185271
0.8163265 0.6530612 10 -2.557624
0.8163265 0.6734694 10 -1.986841
0.8163265 0.6938776 10 -1.510259
0.8163265 0.7142857 10 -1.15905
0.8163265 0.7346939 10 -0.9561865
0.8163265 0.755102 10 -0.9149389
0.8163265 0.7755102 10 -1.038005
0.8163265 0.7959184 10 -1.317334
0.8163265 0.8163265 10 -1.734656
0.8163265 0.8367347 10 -2.262673
0.8163265 0.8571429 10 -2.866849
0.8163265 0.877551 10 -3.507662
0.8163265 0.8979592 10 -4.143199
0.8163265 0.9183673 10 -4.731887
0.8163265 0.9387755 10 -5.235221
0.8163265 0.9591837 10 -5.620278
0.8163265 0.9795918 10 -5.86187
0.8163265 1 10 -5.944196
0.8367347 0 10 -5.830081
0.8367347 0.02040816 10 -5.747755
0.8367347 0.04081633 10 -5.506162
0.8367347 0.06122449 10 -5.121106
0.8367347 0.08163265 10 -4.617772
0.8367347 0.1020408 10 -4.029083
0.8367347 0.122449 10 -3.393547
0.8367347 0.1428571 10 -2.752733
0.8367347 0.1632653 10 -2.148558
0.8367347 0.1836735 10 -1.620541
0.8367347 0.2040816 10 -1.203219
0.8367347 0.2244898 10 -0.9238893
0.8367347 0.244898 10 -0.8008236
0.8367347 0.2653061 10 -0.8420713
0.8367347 0.2857143 10 -1.044934
0.8367347 0.3061224 10 -1.396143
0.8367347 0.3265306 10 -1.872726
0.8367347 0.3469388 10 -2.443508
0.8367347 0.3673469 10 -3.071156
0.8367347 0.3877551 10 -3.714613
0.8367347 0.4081633 10 -4.331793
0.8367347 0.4285714 10 -4.882324
0.8367347 0.4489796 10 -5.330196
0.8367347 0.4693878 10 -5.646115
0.8367347 0.4897959 10 -5.809415
0.8367347 0.5102041 10 -5.809415
0.8367347 0.5306122 10 -5.646115
0.8367347 0.5510204 10 -5.330196
0.8367347 0.5714286 10 -4.882324
0.8367347 0.5918367 10 -4.331793
0.8367347 0.6122449 10 -3.714613
0.8367347 0.6326531 10 -3.071156
0.8367347 0.6530612 10 -2.443508
0.8367347 0.6734694 10 -1.872726
0.8367347 0.6938776 10 -1.396143
0.8367347 0.7142857 10 -1.044934
0.8367347 0.7346939 10 -0.8420713
0.8367347 0.755102 10 -0.8008236
0.8367347 0.7755102 10 -0.9238893
0.8367347 0.7959184 10 -1.203219
0.8367347 0.8163265 10 -1.620541
0.8367347 0.8367347 10 -2.148558
0.8367347 0.8571429 10 -2.752733
0.8367347 0.877551 10 -3.393547
0.8367347 0.8979592 10 -4.029083
0.8367347 0.9183673 10 -4.617772
0.8367347 0.9387755 10 -5.121106
0.8367347 0.9591837 10 -5.506162
0.8367347 0.9795918 10 -5.747755
0.8367347 1 10 -5.830081
0.8571429 0 10 -5.699506
0.8571429 0.02040816 10 -5.617181
0.8571429 0.04081633 10 -5.375588
0.8571429 0.06122449 10 -4.990531
0.8571429 0.08163265 10 -4.487197
0.8571429 0.1020408 10 -3.898509
0.8571429 0.122449 10 -3.262972
0.8571429 0.1428571 10 -2.622159
0.8571429 0.1632653 10 -2.017984
0.8571429 0.1836735 10 -1.489966
0.8571429 0.2040816 10 -1.072644
0.8571429 0.2244898 10 -0.7933148
0.8571429 0.244898 10 -0.6702491
0.8571429 0.2653061 10 -0.7114968
0.8571429 0.2857143 10 -0.9143598
0.8571429 0.3061224 10 -1.265569
0.8571429 0.3265306 10 -1.742151
0.8571429 0.3469388 10 -2.312934
0.8571429 0.3673469 10 -2.940581
0.8571429 0.3877551 10 -3.584039
0.8571429 0.4081633 10 -4.201218
0.8571429 0.4285714 10 -4.751749
0.8571429 0.4489796 10 -5.199622
0.8571429 0.4693878 10 -5.51554
0.8571429 0.4897959 10 -5.67884
0.8571429 0.5102041 10 -5.67884
0.8571429 0.5306122 10 -5.51554
0.8571429 0.5510204 10 -5.199622
0.8571429 0.5714286 10 -4.751749
0.8571429 0.5918367 10 -4.201218
0.8571429 0.6122449 10 -3.584039
0.8571429 0.6326531 10 -2.940581
0.8571429 0.6530612 10 -2.312934
0.8571429 0.6734694 10 -1.742151
0.8571429 0.6938776 10 -1.265569
0.8571429 0.7142857 10 -0.9143598
0.8571429 0.7346939 10 -0.7114968
0.8571429 0.755102 10 -0.6702491
0.8571429 0.7755102 10 -0.7933148
0.8571429 0.7959184 10 -1.072644
0.8571429 0.8163265 10 -1.489966
0.8571429 0.8367347 10 -2.017984
0.8571429 0.8571429 10 -2.622159
0.8571429 0.877551 10 -3.262972
0.8571429 0.8979592 10 -3.898509
0.8571429 0.9183673 10 -4.487197
0.8571429 0.9387755 10 -4.990531
0.8571429 0.9591837 10 -5.375588
0.8571429 0.9795918 10 -5.617181
0.8571429 1 10 -5.699506
0.877551 0 10 -5.561014
0.877551 0.02040816 10 -5.478688
0.877551 0.04081633 10 -5.237095
0.877551 0.06122449 10 -4.852038
0.877551 0.08163265 10 -4.348704
0.877551 0.1020408 10 -3.760016
0.877551 0.122449 10 -3.12448
0.877551 0.1428571 10 -2.483666
0.877551 0.1632653 10 -1.879491
0.877551 0.1836735 10 -1.351473
0.877551 0.2040816 10 -0.9341514
0.877551 0.2244898 10 -0.654822
0.877551 0.244898 10 -0.5317563
0.877551 0.2653061 10 -0.5730039
0.877551 0.2857143 10 -0.775867
0.877551 0.3061224 10 -1.127076
0.877551 0.3265306 10 -1.603659
0.877551 0.3469388 10 -2.174441
0.877551 0.3673469 10 -2.802088
0.877551 0.3877551 10 -3.445546
0.877551 0.4081633 10 -4.062725
0.877551 0.4285714 10 -4.613257
0.877551 0.4489796 10 -5.061129
0.877551 0.4693878 10 -5.377047
0.877551 0.4897959 10 -5.540347
0.877551 0.5102041 10 -5.540347
0.877551 0.5306122 10 -5.377047
0.877551 0.5510204 10 -5.061129
0.877551 0.5714286 10 -4.613257
0.877551 0.5918367 10 -4.062725
0.877551 0.6122449 10 -3.445546
0.877551 0.6326531 10 -2.802088
0.877551 0.6530612 10 -2.174441
0.877551 0.6734694 10 -1.603659
0.877551 0.6938776 10 -1.127076
0.877551 0.7142857 10 -0.775867
0.877551 0.7346939 10 -0.5730039
0.877551 0.755102 10 -0.5317563
0.877551 0.7755102 10 -0.654822
0.877551 0.7959184 10 -0.9341514
0.877551 0.8163265 10 -1.351473
0.877551 0.8367347 10 -1.879491
0.877551 0.8571429 10 -2.483666
0.877551 0.877551 10 -3.12448
0.877551 0.8979592 10 -3.760016
0.877551 0.9183673 10 -4.348704
0.877551 0.9387755 10 -4.852038
0.877551 0.9591837 10 -5.237095
0.877551 0.9795918 10 -5.478688
0.877551 1 10 -5.561014
0.8979592 0 10 -5.423661
0.8979592 0.02040816 10 -5.341335
0.8979592 0.04081633 10 -5.099743
0.8979592 0.06122449 10 -4.714686
0.8979592 0.08163265 10 -4.211352
0.8979592 0.1020408 10 -3.622664
0.8979592 0.122449 10 -2.987127
0.8979592 0.1428571 10 -2.346314
0.8979592 0.1632653 10 -1.742139
0.8979592 0.1836735 10 -1.214121
0.8979592 0.2040816 10 -0.7967991
0.8979592 0.2244898 10 -0.5174697
0.8979592 0.244898 10 -0.394404
0.8979592 0.2653061 10 -0.4356517
0.8979592 0.2857143 10 -0.6385147
0.8979592 0.3061224 10 -0.9897238
0.8979592 0.3265306 10 -1.466306
0.8979592 0.3469388 10 -2.037089
0.8979592 0.3673469 10 -2.664736
0.8979592 0.3877551 10 -3.308194
0.8979592 0.4081633 10 -3.925373
0.8979592 0.4285714 10 -4.475904
0.8979592 0.4489796 10 -4.923777
0.8979592 0.4693878 10 -5.239695
0.8979592 0.4897959 10 -5.402995
0.8979592 0.5102041 10 -5.402995
0.8979592 0.5306122 10 -5.239695
0.8979592 0.5510204 10 -4.923777
0.8979592 0.5714286 10 -4.475904
0.8979592 0.5918367 10 -3.925373
0.8979592 0.6122449 10 -3.308194
0.8979592 0.6326531 10 -2.664736
0.8979592 0.6530612 10 -2.037089
0.8979592 0.6734694 10 -1.466306
0.8979592 0.6938776 10 -0.9897238
0.8979592 0.7142857 10 -0.6385147
0.8979592 0.7346939 10 -0.4356517
0.8979592 0.755102 10 -0.394404
0.8979592 0.7755102 10 -0.5174697
0.8979592 0.7959184 10 -0.7967991
0.8979592 0.8163265 10 -1.214121
0.8979592 0.8367347 10 -1.742139
0.8979592 0.8571429 10 -2.346314
0.8979592 0.877551 10 -2.987127
0.8979592 0.8979592 10 -3.622664
0.8979592 0.9183673 10 -4.211352
0.8979592 0.9387755 10 -4.714686
0.8979592 0.9591837 10 -5.099743
0.8979592 0.9795918 10 -5.341335
0.8979592 1 10 -5.423661
0.9183673 0 10 -5.296434
0.9183673 0.02040816 10 -5.214108
0.9183673 0.04081633 10 -4.972515
0.9183673 0.06122449 10 -4.587459
0.9183673 0.08163265 10 -4.084125
0.9183673 0.1020408 10 -3.495436
0.9183673 0.122449 10 -2.8599
0.9183673 0.1428571 10 -2.219086
0.9183673 0.1632653 10 -1.614911
0.9183673 0.1836735 10 -1.086894
0.9183673 0.2040816 10 -0.6695716
0.9183673 0.2244898 10 -0.3902422
0.9183673 0.244898 10 -0.2671765
0.9183673 0.2653061 10 -0.3084242
0.9183673 0.2857143 10 -0.5112872
0.9183673 0.3061224 10 -0.8624963
0.9183673 0.3265306 10 -1.339079
0.9183673 0.3469388 10 -1.909861
0.9183673 0.3673469 10 -2.537509
0.9183673 0.3877551 10 -3.180966
0.9183673 0.4081633 10 -3.798146
0.9183673 0.4285714 10 -4.348677
0.9183673 0.4489796 10 -4.796549
0.9183673 0.4693878 10 -5.112468
0.9183673 0.4897959 10 -5.275767
0.9183673 0.5102041 10 -5.275767
0.9183673 0.5306122 10 -5.112468
0.9183673 0.5510204 10 -4.796549
0.9183673 0.5714286 10 -4.348677
0.9183673 0.5918367 10 -3.798146
0.9183673 0.6122449 10 -3.180966
0.9183673 0.6326531 10 -2.537509
0.9183673 0.6530612 10 -1.909861
0.9183673 0.6734694 10 -1.339079
0.9183673 0.6938776 10 -0.8624963
0.9183673 0.7142857 10 -0.5112872
0.9183673 0.7346939 10 -0.3084242
0.9183673 0.755102 10 -0.2671765
0.9183673 0.7755102 10 -0.3902422
0.9183673 0.7959184 10 -0.6695716
0.9183673 0.8163265 10 -1.086894
0.9183673 0.8367347 10 -1.614911
0.9183673 0.8571429 10 -2.219086
0.9183673 0.877551 10 -2.8599
0.9183673 0.8979592 10 -3.495436
0.9183673 0.9183673 10 -4.084125
0.9183673 0.9387755 10 -4.587459
0.9183673 0.9591837 10 -4.972515
0.9183673 0.9795918 10 -5.214108
0.9183673 1 10 -5.296434
0.9387755 0 10 -5.187653
0.9387755 0.02040816 10 -5.105327
0.9387755 0.04081633 10 -4.863735
0.9387755 0.06122449 10 -4.478678
0.9387755 0.08163265 10 -3.975344
0.9387755 0.1020408 10 -3.386655
0.9387755 0.122449 10 -2.751119
0.9387755 0.1428571 10 -2.110306
0.9387755 0.1632653 10 -1.50613
0.9387755 0.1836735 10 -0.9781129
0.9387755 0.2040816 10 -0.5607909
0.9387755 0.2244898 10 -0.2814615
0.9387755 0.244898 10 -0.1583958
0.9387755 0.2653061 10 -0.1996435
0.9387755 0.2857143 10 -0.4025065
0.9387755 0.3061224 10 -0.7537156
0.9387755 0.3265306 10 -1.230298
0.9387755 0.3469388 10 -1.801081
0.9387755 0.3673469 10 -2.428728
0.9387755 0.3877551 10 -3.072186
0.9387755 0.4081633 10 -3.689365
0.9387755 0.4285714 10 -4.239896
0.9387755 0.4489796 10 -4.687769
0.9387755 0.4693878 10 -5.003687
0.9387755 0.4897959 10 -5.166987
0.9387755 0.5102041 10 -5.166987
0.9387755 0.5306122 10 -5.003687
0.9387755 0.5510204 10 -4.687769
0.9387755 0.5714286 10 -4.239896
0.9387755 0.5918367 10 -3.689365
0.9387755 0.6122449 10 -3.072186
0.9387755 0.6326531 10 -2.428728
0.9387755 0.6530612 10 -1.801081
0.9387755 0.6734694 10 -1.230298
0.9387755 0.6938776 10 -0.7537156
0.9387755 0.7142857 10 -0.4025065
0.9387755 0.7346939 10 -0.1996435
0.9387755 0.755102 10 -0.1583958
0.9387755 0.7755102 10 -0.2814615
0.9387755 0.7959184 10 -0.5607909
0.9387755 0.8163265 10 -0.9781129
0.9387755 0.8367347 10 -1.50613
0.9387755 0.8571429 10 -2.110306
0.9387755 0.877551 10 -2.751119
0.9387755 0.8979592 10 -3.386655
0.9387755 0.9183673 10 -3.975344
0.9387755 0.9387755 10 -4.478678
0.9387755 0.9591837 10 -4.863735
0.9387755 0.9795918 10 -5.105327
0.9387755 1 10 -5.187653
0.9591837 0 10 -5.104435
0.9591837 0.02040816 10 -5.022109
0.9591837 0.04081633 10 -4.780516
0.9591837 0.06122449 10 -4.395459
0.9591837 0.08163265 10 -3.892125
0.9591837 0.1020408 10 -3.303437
0.9591837 0.122449 10 -2.667901
0.9591837 0.1428571 10 -2.027087
0.9591837 0.1632653 10 -1.422912
0.9591837 0.1836735 10 -0.8948943
0.9591837 0.2040816 10 -0.4775723
0.9591837 0.2244898 10 -0.198243
0.9591837 0.244898 10 -0.07517723
0.9591837 0.2653061 10 -0.1164249
0.9591837 0.2857143 10 -0.319288
0.9591837 0.3061224 10 -0.6704971
0.9591837 0.3265306 10 -1.14708
0.9591837 0.3469388 10 -1.717862
0.9591837 0.3673469 10 -2.345509
0.9591837 0.3877551 10 -2.988967
0.9591837 0.4081633 10 -3.606146
0.9591837 0.4285714 10 -4.156678
0.9591837 0.4489796 10 -4.60455
0.9591837 0.4693878 10 -4.920468
0.9591837 0.4897959 10 -5.083768
0.9591837 0.5102041 10 -5.083768
0.9591837 0.5306122 10 -4.920468
0.9591837 0.5510204 10 -4.60455
0.9591837 0.5714286 10 -4.156678
0.9591837 0.5918367 10 -3.606146
0.9591837 0.6122449 10 -2.988967
0.9591837 0.6326531 10 -2.345509
0.9591837 0.6530612 10 -1.717862
0.9591837 0.6734694 10 -1.14708
0.9591837 0.6938776 10 -0.6704971
0.9591837 0.7142857 10 -0.319288
0.9591837 0.7346939 10 -0.1164249
0.9591837 0.755102 10 -0.07517723
0.9591837 0.7755102 10 -0.198243
0.9591837 0.7959184 10 -0.4775723
0.9591837 0.8163265 10 -0.8948943
0.9591837 0.8367347 10 -1.422912
0.9591837 0.8571429 10 -2.027087
0.9591837 0.877551 10 -2.667901
0.9591837 0.8979592 10 -3.303437
0.9591837 0.9183673 10 -3.892125
0.9591837 0.9387755 10 -4.395459
0.9591837 0.9591837 10 -4.780516
0.9591837 0.9795918 10 -5.022109
0.9591837 1 10 -5.104435
0.9795918 0 10 -5.052221
0.9795918 0.02040816 10 -4.969896
0.9795918 0.04081633 10 -4.728303
0.9795918 0.06122449 10 -4.343246
0.9795918 0.08163265 10 -3.839912
0.9795918 0.1020408 10 -3.251224
0.9795918 0.122449 10 -2.615688
0.9795918 0.1428571 10 -1.974874
0.9795918 0.1632653 10 -1.370699
0.9795918 0.1836735 10 -0.8426813
0.9795918 0.2040816 10 -0.4253593
0.9795918 0.2244898 10 -0.1460299
0.9795918 0.244898 10 -0.02296417
0.9795918 0.2653061 10 -0.06421184
0.9795918 0.2857143 10 -0.2670749
0.9795918 0.3061224 10 -0.618284
0.9795918 0.3265306 10 -1.094866
0.9795918 0.3469388 10 -1.665649
0.9795918 0.3673469 10 -2.293296
0.9795918 0.3877551 10 -2.936754
0.9795918 0.4081633 10 -3.553933
0.9795918 0.4285714 10 -4.104464
0.9795918 0.4489796 10 -4.552337
0.9795918 0.4693878 10 -4.868255
0.9795918 0.4897959 10 -5.031555
0.9795918 0.5102041 10 -5.031555
0.9795918 0.5306122 10 -4.868255
0.9795918 0.5510204 10 -4.552337
0.9795918 0.5714286 10 -4.104464
0.9795918 0.5918367 10 -3.553933
0.9795918 0.6122449 10 -2.936754
0.9795918 0.6326531 10 -2.293296
0.9795918 0.6530612 10 -1.665649
0.9795918 0.6734694 10 -1.094866
0.9795918 0.6938776 10 -0.618284
0.9795918 0.7142857 10 -0.2670749
0.9795918 0.7346939 10 -0.06421184
0.9795918 0.755102 10 -0.02296417
0.9795918 0.7755102 10 -0.1460299
0.9795918 0.7959184 10 -0.4253593
0.9795918 0.8163265 10 -0.8426813
0.9795918 0.8367347 10 -1.370699
0.9795918 0.8571429 10 -1.974874
0.9795918 0.877551 10 -2.615688
0.9795918 0.8979592 10 -3.251224
0.9795918 0.9183673 10 -3.839912
0.9795918 0.9387755 10 -4.343246
0.9795918 0.9591837 10 -4.728303
0.9795918 0.9795918 10 -4.969896
0.9795918 1 10 -5.052221
1 0 10 -5.034429
1 0.02040816 10 -4.952103
1 0.04081633 10 -4.710511
1 0.06122449 10 -4.325454
1 0.08163265 10 -3.82212
1 0.1020408 10 -3.233432
1 0.122449 10 -2.597895
1 0.1428571 10 -1.957082
1 0.1632653 10 -1.352906
1 0.1836735 10 -0.824889
1 0.2040816 10 -0.407567
1 0.2244898 10 -0.1282376
1 0.244898 10 -0.005171887
1 0.2653061 10 -0.04641956
1 0.2857143 10 -0.2492826
1 0.3061224 10 -0.6004917
1 0.3265306 10 -1.077074
1 0.3469388 10 -1.647857
1 0.3673469 10 -2.275504
1 0.3877551 10 -2.918962
1 0.4081633 10 -3.536141
1 0.4285714 10 -4.086672
1 0.4489796 10 -4.534545
1 0.4693878 10 -4.850463
1 0.4897959 10 -5.013763
1 0.5102041 10 -5.013763
1 0.5306122 10 -4.850463
1 0.5510204 10 -4.534545
1 0.5714286 10 -4.086672
1 0.5918367 10 -3.536141
1 0.6122449 10 -2.918962
1 0.6326531 10 -2.275504
1 0.6530612 10 -1.647857
1 0.6734694 10 -1.077074
1 0.6938776 10 -0.6004917
1 0.7142857 10 -0.2492826
1 0.7346939 10 -0.04641956
1 0.755102 10 -0.005171887
1 0.7755102 10 -0.1282376
1 0.7959184 10 -0.407567
1 0.8163265 10 -0.824889
1 0.8367347 10 -1.352906
1 0.8571429 10 -1.957082
1 0.877551 10 -2.597895
1 0.8979592 10 -3.233432
1 0.9183673 10 -3.82212
1 0.9387755 10 -4.325454
1 0.9591837 10 -4.710511
1 0.9795918 10 -4.952103
1 1 10 -5.034429
