0 0 8 -0.8730002
0 0.02040816 8 -0.8587244
0 0.04081633 8 -0.8168308
0 0.06122449 8 -0.7500597
0 0.08163265 8 -0.6627785
0 0.1020408 8 -0.5606964
0 0.122449 8 -0.4504906
0 0.1428571 8 -0.3393697
0 0.1632653 8 -0.2346021
0 0.1836735 8 -0.1430407
0 0.2040816 8 -0.07067456
0 0.2244898 8 -0.02223717
0 0.244898 8 -0.0008968363
0 0.2653061 8 -0.00804943
0 0.2857143 8 -0.0432271
0 0.3061224 8 -0.1041289
0 0.3265306 8 -0.1867711
0 0.3469388 8 -0.2857482
0 0.3673469 8 -0.394586
0 0.3877551 8 -0.5061655
0 0.4081633 8 -0.6131881
0 0.4285714 8 -0.7086535
0 0.4489796 8 -0.7863172
0 0.4693878 8 -0.8410994
0 0.4897959 8 -0.8694165
0 0.5102041 8 -0.8694165
0 0.5306122 8 -0.8410994
0 0.5510204 8 -0.7863172
0 0.5714286 8 -0.7086535
0 0.5918367 8 -0.6131881
0 0.6122449 8 -0.5061655
0 0.6326531 8 -0.394586
0 0.6530612 8 -0.2857482
0 0.6734694 8 -0.1867711
0 0.6938776 8 -0.1041289
0 0.7142857 8 -0.0432271
0 0.7346939 8 -0.00804943
0 0.755102 8 -0.0008968363
0 0.7755102 8 -0.02223717
0 0.7959184 8 -0.07067456
0 0.8163265 8 -0.1430407
0 0.8367347 8 -0.2346021
0 0.8571429 8 -0.3393697
0 0.877551 8 -0.4504906
0 0.8979592 8 -0.5606964
0 0.9183673 8 -0.6627785
0 0.9387755 8 -0.7500597
0 0.9591837 8 -0.8168308
0 0.9795918 8 -0.8587244
0 1 8 -0.8730002
0.02040816 0 8 -0.8406431
0.02040816 0.02040816 8 -0.8263673
0.02040816 0.04081633 8 -0.7844737
0.02040816 0.06122449 8 -0.7177026
0.02040816 0.08163265 8 -0.6304214
0.02040816 0.1020408 8 -0.5283393
0.02040816 0.122449 8 -0.4181335
0.02040816 0.1428571 8 -0.3070126
0.02040816 0.1632653 8 -0.202245
0.02040816 0.1836735 8 -0.1106836
0.02040816 0.2040816 8 -0.03831746
0.02040816 0.2244898 8 0.01011993
0.02040816 0.244898 8 0.03146026
0.02040816 0.2653061 8 0.02430767
0.02040816 0.2857143 8 -0.01087
0.02040816 0.3061224 8 -0.07177177
0.02040816 0.3265306 8 -0.154414
0.02040816 0.3469388 8 -0.2533911
0.02040816 0.3673469 8 -0.3622289
0.02040816 0.3877551 8 -0.4738084
0.02040816 0.4081633 8 -0.580831
0.02040816 0.4285714 8 -0.6762964
0.02040816 0.4489796 8 -0.7539601
0.02040816 0.4693878 8 -0.8087423
0.02040816 0.4897959 8 -0.8370594
0.02040816 0.5102041 8 -0.8370594
0.02040816 0.5306122 8 -0.8087423
0.02040816 0.5510204 8 -0.7539601
0.02040816 0.5714286 8 -0.6762964
0.02040816 0.5918367 8 -0.580831
0.02040816 0.6122449 8 -0.4738084
0.02040816 0.6326531 8 -0.3622289
0.02040816 0.6530612 8 -0.2533911
0.02040816 0.6734694 8 -0.154414
0.02040816 0.6938776 8 -0.07177177
0.02040816 0.7142857 8 -0.01087
0.02040816 0.7346939 8 0.02430767
0.02040816 0.755102 8 0.03146026
0.02040816 0.7755102 8 0.01011993
0.02040816 0.7959184 8 -0.03831746
0.02040816 0.8163265 8 -0.1106836
0.02040816 0.8367347 8 -0.202245
0.02040816 0.8571429 8 -0.3070126
0.02040816 0.877551 8 -0.4181335
0.02040816 0.8979592 8 -0.5283393
0.02040816 0.9183673 8 -0.6304214
0.02040816 0.9387755 8 -0.7177026
0.02040816 0.9591837 8 -0.7844737
0.02040816 0.9795918 8 -0.8263673
0.02040816 1 8 -0.8406431
0.04081633 0 8 -0.7456883
0.04081633 0.02040816 8 -0.7314125
0.04081633 0.04081633 8 -0.6895189
0.04081633 0.06122449 8 -0.6227478
0.04081633 0.08163265 8 -0.5354666
0.04081633 0.1020408 8 -0.4333845
0.04081633 0.122449 8 -0.3231787
0.04081633 0.1428571 8 -0.2120578
0.04081633 0.1632653 8 -0.1072902
0.04081633 0.1836735 8 -0.01572879
0.04081633 0.2040816 8 0.05663734
0.04081633 0.2244898 8 0.1050747
0.04081633 0.244898 8 0.1264151
0.04081633 0.2653061 8 0.1192625
0.04081633 0.2857143 8 0.0840848
0.04081633 0.3061224 8 0.02318304
0.04081633 0.3265306 8 -0.05945922
0.04081633 0.3469388 8 -0.1584363
0.04081633 0.3673469 8 -0.2672741
0.04081633 0.3877551 8 -0.3788536
0.04081633 0.4081633 8 -0.4858762
0.04081633 0.4285714 8 -0.5813416
0.04081633 0.4489796 8 -0.6590053
0.04081633 0.4693878 8 -0.7137875
0.04081633 0.4897959 8 -0.7421046
0.04081633 0.5102041 8 -0.7421046
0.04081633 0.5306122 8 -0.7137875
0.04081633 0.5510204 8 -0.6590053
0.04081633 0.5714286 8 -0.5813416
0.04081633 0.5918367 8 -0.4858762
0.04081633 0.6122449 8 -0.3788536
0.04081633 0.6326531 8 -0.2672741
0.04081633 0.6530612 8 -0.1584363
0.04081633 0.6734694 8 -0.05945922
0.04081633 0.6938776 8 0.02318304
0.04081633 0.7142857 8 0.0840848
0.04081633 0.7346939 8 0.1192625
0.04081633 0.755102 8 0.1264151
0.04081633 0.7755102 8 0.1050747
0.04081633 0.7959184 8 0.05663734
0.04081633 0.8163265 8 -0.01572879
0.04081633 0.8367347 8 -0.1072902
0.04081633 0.8571429 8 -0.2120578
0.04081633 0.877551 8 -0.3231787
0.04081633 0.8979592 8 -0.4333845
0.04081633 0.9183673 8 -0.5354666
0.04081633 0.9387755 8 -0.6227478
0.04081633 0.9591837 8 -0.6895189
0.04081633 0.9795918 8 -0.7314125
0.04081633 1 8 -0.7456883
0.06122449 0 8 -0.5943468
0.06122449 0.02040816 8 -0.580071
0.06122449 0.04081633 8 -0.5381774
0.06122449 0.06122449 8 -0.4714063
0.06122449 0.08163265 8 -0.3841251
0.06122449 0.1020408 8 -0.282043
0.06122449 0.122449 8 -0.1718372
0.06122449 0.1428571 8 -0.0607163
0.06122449 0.1632653 8 0.0440513
0.06122449 0.1836735 8 0.1356127
0.06122449 0.2040816 8 0.2079788
0.06122449 0.2244898 8 0.2564162
0.06122449 0.244898 8 0.2777566
0.06122449 0.2653061 8 0.270604
0.06122449 0.2857143 8 0.2354263
0.06122449 0.3061224 8 0.1745245
0.06122449 0.3265306 8 0.09188227
0.06122449 0.3469388 8 -0.007094827
0.06122449 0.3673469 8 -0.1159326
0.06122449 0.3877551 8 -0.2275121
0.06122449 0.4081633 8 -0.3345347
0.06122449 0.4285714 8 -0.4300001
0.06122449 0.4489796 8 -0.5076638
0.06122449 0.4693878 8 -0.562446
0.06122449 0.4897959 8 -0.5907631
0.06122449 0.5102041 8 -0.5907631
0.06122449 0.5306122 8 -0.562446
0.06122449 0.5510204 8 -0.5076638
0.06122449 0.5714286 8 -0.4300001
0.06122449 0.5918367 8 -0.3345347
0.06122449 0.6122449 8 -0.2275121
0.06122449 0.6326531 8 -0.1159326
0.06122449 0.6530612 8 -0.007094827
0.06122449 0.6734694 8 0.09188227
0.06122449 0.6938776 8 0.1745245
0.06122449 0.7142857 8 0.2354263
0.06122449 0.7346939 8 0.270604
0.06122449 0.755102 8 0.2777566
0.06122449 0.7755102 8 0.2564162
0.06122449 0.7959184 8 0.2079788
0.06122449 0.8163265 8 0.1356127
0.06122449 0.8367347 8 0.0440513
0.06122449 0.8571429 8 -0.0607163
0.06122449 0.877551 8 -0.1718372
0.06122449 0.8979592 8 -0.282043
0.06122449 0.9183673 8 -0.3841251
0.06122449 0.9387755 8 -0.4714063
0.06122449 0.9591837 8 -0.5381774
0.06122449 0.9795918 8 -0.580071
0.06122449 1 8 -0.5943468
0.08163265 0 8 -0.3965179
0.08163265 0.02040816 8 -0.3822421
0.08163265 0.04081633 8 -0.3403485
0.08163265 0.06122449 8 -0.2735774
0.08163265 0.08163265 8 -0.1862962
0.08163265 0.1020408 8 -0.08421414
0.08163265 0.122449 8 0.02599167
0.08163265 0.1428571 8 0.1371126
0.08163265 0.1632653 8 0.2418802
0.08163265 0.1836735 8 0.3334416
0.08163265 0.2040816 8 0.4058077
0.08163265 0.2244898 8 0.4542451
0.08163265 0.244898 8 0.4755854
0.08163265 0.2653061 8 0.4684329
0.08163265 0.2857143 8 0.4332552
0.08163265 0.3061224 8 0.3723534
0.08163265 0.3265306 8 0.2897112
0.08163265 0.3469388 8 0.1907341
0.08163265 0.3673469 8 0.08189624
0.08163265 0.3877551 8 -0.02968319
0.08163265 0.4081633 8 -0.1367058
0.08163265 0.4285714 8 -0.2321712
0.08163265 0.4489796 8 -0.3098349
0.08163265 0.4693878 8 -0.3646171
0.08163265 0.4897959 8 -0.3929343
0.08163265 0.5102041 8 -0.3929343
0.08163265 0.5306122 8 -0.3646171
0.08163265 0.5510204 8 -0.3098349
0.08163265 0.5714286 8 -0.2321712
0.08163265 0.5918367 8 -0.1367058
0.08163265 0.6122449 8 -0.02968319
0.08163265 0.6326531 8 0.08189624
0.08163265 0.6530612 8 0.1907341
0.08163265 0.6734694 8 0.2897112
0.08163265 0.6938776 8 0.3723534
0.08163265 0.7142857 8 0.4332552
0.08163265 0.7346939 8 0.4684329
0.08163265 0.755102 8 0.4755854
0.08163265 0.7755102 8 0.4542451
0.08163265 0.7959184 8 0.4058077
0.08163265 0.8163265 8 0.3334416
0.08163265 0.8367347 8 0.2418802
0.08163265 0.8571429 8 0.1371126
0.08163265 0.877551 8 0.02599167
0.08163265 0.8979592 8 -0.08421414
0.08163265 0.9183673 8 -0.1862962
0.08163265 0.9387755 8 -0.2735774
0.08163265 0.9591837 8 -0.3403485
0.08163265 0.9795918 8 -0.3822421
0.08163265 1 8 -0.3965179
0.1020408 0 8 -0.1651417
0.1020408 0.02040816 8 -0.1508659
0.1020408 0.04081633 8 -0.1089723
0.1020408 0.06122449 8 -0.04220113
0.1020408 0.08163265 8 0.04508002
0.1020408 0.1020408 8 0.1471621
0.1020408 0.122449 8 0.2573679
0.1020408 0.1428571 8 0.3684888
0.1020408 0.1632653 8 0.4732564
0.1020408 0.1836735 8 0.5648178
0.1020408 0.2040816 8 0.637184
0.1020408 0.2244898 8 0.6856214
0.1020408 0.244898 8 0.7069617
0.1020408 0.2653061 8 0.6998091
0.1020408 0.2857143 8 0.6646314
0.1020408 0.3061224 8 0.6037297
0.1020408 0.3265306 8 0.5210874
0.1020408 0.3469388 8 0.4221103
0.1020408 0.3673469 8 0.3132725
0.1020408 0.3877551 8 0.2016931
0.1020408 0.4081633 8 0.09467046
0.1020408 0.4285714 8 -0.0007949308
0.1020408 0.4489796 8 -0.0784587
0.1020408 0.4693878 8 -0.1332408
0.1020408 0.4897959 8 -0.161558
0.1020408 0.5102041 8 -0.161558
0.1020408 0.5306122 8 -0.1332408
0.1020408 0.5510204 8 -0.0784587
0.1020408 0.5714286 8 -0.0007949308
0.1020408 0.5918367 8 0.09467046
0.1020408 0.6122449 8 0.2016931
0.1020408 0.6326531 8 0.3132725
0.1020408 0.6530612 8 0.4221103
0.1020408 0.6734694 8 0.5210874
0.1020408 0.6938776 8 0.6037297
0.1020408 0.7142857 8 0.6646314
0.1020408 0.7346939 8 0.6998091
0.1020408 0.755102 8 0.7069617
0.1020408 0.7755102 8 0.6856214
0.1020408 0.7959184 8 0.637184
0.1020408 0.8163265 8 0.5648178
0.1020408 0.8367347 8 0.4732564
0.1020408 0.8571429 8 0.3684888
0.1020408 0.877551 8 0.2573679
0.1020408 0.8979592 8 0.1471621
0.1020408 0.9183673 8 0.04508002
0.1020408 0.9387755 8 -0.04220113
0.1020408 0.9591837 8 -0.1089723
0.1020408 0.9795918 8 -0.1508659
0.1020408 1 8 -0.1651417
0.122449 0 8 0.08464755
0.122449 0.02040816 8 0.09892335
0.122449 0.04081633 8 0.1408169
0.122449 0.06122449 8 0.2075881
0.122449 0.08163265 8 0.2948692
0.122449 0.1020408 8 0.3969513
0.122449 0.122449 8 0.5071571
0.122449 0.1428571 8 0.6182781
0.122449 0.1632653 8 0.7230457
0.122449 0.1836735 8 0.8146071
0.122449 0.2040816 8 0.8869732
0.122449 0.2244898 8 0.9354106
0.122449 0.244898 8 0.9567509
0.122449 0.2653061 8 0.9495983
0.122449 0.2857143 8 0.9144207
0.122449 0.3061224 8 0.8535189
0.122449 0.3265306 8 0.7708766
0.122449 0.3469388 8 0.6718995
0.122449 0.3673469 8 0.5630617
0.122449 0.3877551 8 0.4514823
0.122449 0.4081633 8 0.3444597
0.122449 0.4285714 8 0.2489943
0.122449 0.4489796 8 0.1713305
0.122449 0.4693878 8 0.1165484
0.122449 0.4897959 8 0.08823121
0.122449 0.5102041 8 0.08823121
0.122449 0.5306122 8 0.1165484
0.122449 0.5510204 8 0.1713305
0.122449 0.5714286 8 0.2489943
0.122449 0.5918367 8 0.3444597
0.122449 0.6122449 8 0.4514823
0.122449 0.6326531 8 0.5630617
0.122449 0.6530612 8 0.6718995
0.122449 0.6734694 8 0.7708766
0.122449 0.6938776 8 0.8535189
0.122449 0.7142857 8 0.9144207
0.122449 0.7346939 8 0.9495983
0.122449 0.755102 8 0.9567509
0.122449 0.7755102 8 0.9354106
0.122449 0.7959184 8 0.8869732
0.122449 0.8163265 8 0.8146071
0.122449 0.8367347 8 0.7230457
0.122449 0.8571429 8 0.6182781
0.122449 0.877551 8 0.5071571
0.122449 0.8979592 8 0.3969513
0.122449 0.9183673 8 0.2948692
0.122449 0.9387755 8 0.2075881
0.122449 0.9591837 8 0.1408169
0.122449 0.9795918 8 0.09892335
0.122449 1 8 0.08464755
0.1428571 0 8 0.336511
0.1428571 0.02040816 8 0.3507868
0.1428571 0.04081633 8 0.3926804
0.1428571 0.06122449 8 0.4594515
0.1428571 0.08163265 8 0.5467327
0.1428571 0.1020408 8 0.6488147
0.1428571 0.122449 8 0.7590205
0.1428571 0.1428571 8 0.8701415
0.1428571 0.1632653 8 0.9749091
0.1428571 0.1836735 8 1.06647
0.1428571 0.2040816 8 1.138837
0.1428571 0.2244898 8 1.187274
0.1428571 0.244898 8 1.208614
0.1428571 0.2653061 8 1.201462
0.1428571 0.2857143 8 1.166284
0.1428571 0.3061224 8 1.105382
0.1428571 0.3265306 8 1.02274
0.1428571 0.3469388 8 0.9237629
0.1428571 0.3673469 8 0.8149251
0.1428571 0.3877551 8 0.7033457
0.1428571 0.4081633 8 0.5963231
0.1428571 0.4285714 8 0.5008577
0.1428571 0.4489796 8 0.4231939
0.1428571 0.4693878 8 0.3684118
0.1428571 0.4897959 8 0.3400946
0.1428571 0.5102041 8 0.3400946
0.1428571 0.5306122 8 0.3684118
0.1428571 0.5510204 8 0.4231939
0.1428571 0.5714286 8 0.5008577
0.1428571 0.5918367 8 0.5963231
0.1428571 0.6122449 8 0.7033457
0.1428571 0.6326531 8 0.8149251
0.1428571 0.6530612 8 0.9237629
0.1428571 0.6734694 8 1.02274
0.1428571 0.6938776 8 1.105382
0.1428571 0.7142857 8 1.166284
0.1428571 0.7346939 8 1.201462
0.1428571 0.755102 8 1.208614
0.1428571 0.7755102 8 1.187274
0.1428571 0.7959184 8 1.138837
0.1428571 0.8163265 8 1.06647
0.1428571 0.8367347 8 0.9749091
0.1428571 0.8571429 8 0.8701415
0.1428571 0.877551 8 0.7590205
0.1428571 0.8979592 8 0.6488147
0.1428571 0.9183673 8 0.5467327
0.1428571 0.9387755 8 0.4594515
0.1428571 0.9591837 8 0.3926804
0.1428571 0.9795918 8 0.3507868
0.1428571 1 8 0.336511
0.1632653 0 8 0.5739741
0.1632653 0.02040816 8 0.5882499
0.1632653 0.04081633 8 0.6301435
0.1632653 0.06122449 8 0.6969147
0.1632653 0.08163265 8 0.7841958
0.1632653 0.1020408 8 0.8862779
0.1632653 0.122449 8 0.9964837
0.1632653 0.1428571 8 1.107605
0.1632653 0.1632653 8 1.212372
0.1632653 0.1836735 8 1.303934
0.1632653 0.2040816 8 1.3763
0.1632653 0.2244898 8 1.424737
0.1632653 0.244898 8 1.446077
0.1632653 0.2653061 8 1.438925
0.1632653 0.2857143 8 1.403747
0.1632653 0.3061224 8 1.342845
0.1632653 0.3265306 8 1.260203
0.1632653 0.3469388 8 1.161226
0.1632653 0.3673469 8 1.052388
0.1632653 0.3877551 8 0.9408088
0.1632653 0.4081633 8 0.8337862
0.1632653 0.4285714 8 0.7383209
0.1632653 0.4489796 8 0.6606571
0.1632653 0.4693878 8 0.605875
0.1632653 0.4897959 8 0.5775578
0.1632653 0.5102041 8 0.5775578
0.1632653 0.5306122 8 0.605875
0.1632653 0.5510204 8 0.6606571
0.1632653 0.5714286 8 0.7383209
0.1632653 0.5918367 8 0.8337862
0.1632653 0.6122449 8 0.9408088
0.1632653 0.6326531 8 1.052388
0.1632653 0.6530612 8 1.161226
0.1632653 0.6734694 8 1.260203
0.1632653 0.6938776 8 1.342845
0.1632653 0.7142857 8 1.403747
0.1632653 0.7346939 8 1.438925
0.1632653 0.755102 8 1.446077
0.1632653 0.7755102 8 1.424737
0.1632653 0.7959184 8 1.3763
0.1632653 0.8163265 8 1.303934
0.1632653 0.8367347 8 1.212372
0.1632653 0.8571429 8 1.107605
0.1632653 0.877551 8 0.9964837
0.1632653 0.8979592 8 0.8862779
0.1632653 0.9183673 8 0.7841958
0.1632653 0.9387755 8 0.6969147
0.1632653 0.9591837 8 0.6301435
0.1632653 0.9795918 8 0.5882499
0.1632653 1 8 0.5739741
0.1836735 0 8 0.7815045
0.1836735 0.02040816 8 0.7957803
0.1836735 0.04081633 8 0.8376739
0.1836735 0.06122449 8 0.904445
0.1836735 0.08163265 8 0.9917262
0.1836735 0.1020408 8 1.093808
0.1836735 0.122449 8 1.204014
0.1836735 0.1428571 8 1.315135
0.1836735 0.1632653 8 1.419903
0.1836735 0.1836735 8 1.511464
0.1836735 0.2040816 8 1.58383
0.1836735 0.2244898 8 1.632268
0.1836735 0.244898 8 1.653608
0.1836735 0.2653061 8 1.646455
0.1836735 0.2857143 8 1.611278
0.1836735 0.3061224 8 1.550376
0.1836735 0.3265306 8 1.467734
0.1836735 0.3469388 8 1.368756
0.1836735 0.3673469 8 1.259919
0.1836735 0.3877551 8 1.148339
0.1836735 0.4081633 8 1.041317
0.1836735 0.4285714 8 0.9458512
0.1836735 0.4489796 8 0.8681874
0.1836735 0.4693878 8 0.8134053
0.1836735 0.4897959 8 0.7850881
0.1836735 0.5102041 8 0.7850881
0.1836735 0.5306122 8 0.8134053
0.1836735 0.5510204 8 0.8681874
0.1836735 0.5714286 8 0.9458512
0.1836735 0.5918367 8 1.041317
0.1836735 0.6122449 8 1.148339
0.1836735 0.6326531 8 1.259919
0.1836735 0.6530612 8 1.368756
0.1836735 0.6734694 8 1.467734
0.1836735 0.6938776 8 1.550376
0.1836735 0.7142857 8 1.611278
0.1836735 0.7346939 8 1.646455
0.1836735 0.755102 8 1.653608
0.1836735 0.7755102 8 1.632268
0.1836735 0.7959184 8 1.58383
0.1836735 0.8163265 8 1.511464
0.1836735 0.8367347 8 1.419903
0.1836735 0.8571429 8 1.315135
0.1836735 0.877551 8 1.204014
0.1836735 0.8979592 8 1.093808
0.1836735 0.9183673 8 0.9917262
0.1836735 0.9387755 8 0.904445
0.1836735 0.9591837 8 0.8376739
0.1836735 0.9795918 8 0.7957803
0.1836735 1 8 0.7815045
0.2040816 0 8 0.9455274
0.2040816 0.02040816 8 0.9598032
0.2040816 0.04081633 8 1.001697
0.2040816 0.06122449 8 1.068468
0.2040816 0.08163265 8 1.155749
0.2040816 0.1020408 8 1.257831
0.2040816 0.122449 8 1.368037
0.2040816 0.1428571 8 1.479158
0.2040816 0.1632653 8 1.583926
0.2040816 0.1836735 8 1.675487
0.2040816 0.2040816 8 1.747853
0.2040816 0.2244898 8 1.79629
0.2040816 0.244898 8 1.817631
0.2040816 0.2653061 8 1.810478
0.2040816 0.2857143 8 1.775301
0.2040816 0.3061224 8 1.714399
0.2040816 0.3265306 8 1.631757
0.2040816 0.3469388 8 1.532779
0.2040816 0.3673469 8 1.423942
0.2040816 0.3877551 8 1.312362
0.2040816 0.4081633 8 1.20534
0.2040816 0.4285714 8 1.109874
0.2040816 0.4489796 8 1.03221
0.2040816 0.4693878 8 0.9774283
0.2040816 0.4897959 8 0.9491111
0.2040816 0.5102041 8 0.9491111
0.2040816 0.5306122 8 0.9774283
0.2040816 0.5510204 8 1.03221
0.2040816 0.5714286 8 1.109874
0.2040816 0.5918367 8 1.20534
0.2040816 0.6122449 8 1.312362
0.2040816 0.6326531 8 1.423942
0.2040816 0.6530612 8 1.532779
0.2040816 0.6734694 8 1.631757
0.2040816 0.6938776 8 1.714399
0.2040816 0.7142857 8 1.775301
0.2040816 0.7346939 8 1.810478
0.2040816 0.755102 8 1.817631
0.2040816 0.7755102 8 1.79629
0.2040816 0.7959184 8 1.747853
0.2040816 0.8163265 8 1.675487
0.2040816 0.8367347 8 1.583926
0.2040816 0.8571429 8 1.479158
0.2040816 0.877551 8 1.368037
0.2040816 0.8979592 8 1.257831
0.2040816 0.9183673 8 1.155749
0.2040816 0.9387755 8 1.068468
0.2040816 0.9591837 8 1.001697
0.2040816 0.9795918 8 0.9598032
0.2040816 1 8 0.9455274
0.2244898 0 8 1.055314
0.2244898 0.02040816 8 1.06959
0.2244898 0.04081633 8 1.111484
0.2244898 0.06122449 8 1.178255
0.2244898 0.08163265 8 1.265536
0.2244898 0.1020408 8 1.367618
0.2244898 0.122449 8 1.477824
0.2244898 0.1428571 8 1.588945
0.2244898 0.1632653 8 1.693712
0.2244898 0.1836735 8 1.785274
0.2244898 0.2040816 8 1.85764
0.2244898 0.2244898 8 1.906077
0.2244898 0.244898 8 1.927418
0.2244898 0.2653061 8 1.920265
0.2244898 0.2857143 8 1.885087
0.2244898 0.3061224 8 1.824186
0.2244898 0.3265306 8 1.741543
0.2244898 0.3469388 8 1.642566
0.2244898 0.3673469 8 1.533728
0.2244898 0.3877551 8 1.422149
0.2244898 0.4081633 8 1.315126
0.2244898 0.4285714 8 1.219661
0.2244898 0.4489796 8 1.141997
0.2244898 0.4693878 8 1.087215
0.2244898 0.4897959 8 1.058898
0.2244898 0.5102041 8 1.058898
0.2244898 0.5306122 8 1.087215
0.2244898 0.5510204 8 1.141997
0.2244898 0.5714286 8 1.219661
0.2244898 0.5918367 8 1.315126
0.2244898 0.6122449 8 1.422149
0.2244898 0.6326531 8 1.533728
0.2244898 0.6530612 8 1.642566
0.2244898 0.6734694 8 1.741543
0.2244898 0.6938776 8 1.824186
0.2244898 0.7142857 8 1.885087
0.2244898 0.7346939 8 1.920265
0.2244898 0.755102 8 1.927418
0.2244898 0.7755102 8 1.906077
0.2244898 0.7959184 8 1.85764
0.2244898 0.8163265 8 1.785274
0.2244898 0.8367347 8 1.693712
0.2244898 0.8571429 8 1.588945
0.2244898 0.877551 8 1.477824
0.2244898 0.8979592 8 1.367618
0.2244898 0.9183673 8 1.265536
0.2244898 0.9387755 8 1.178255
0.2244898 0.9591837 8 1.111484
0.2244898 0.9795918 8 1.06959
0.2244898 1 8 1.055314
0.244898 0 8 1.103684
0.244898 0.02040816 8 1.117959
0.244898 0.04081633 8 1.159853
0.244898 0.06122449 8 1.226624
0.244898 0.08163265 8 1.313905
0.244898 0.1020408 8 1.415987
0.244898 0.122449 8 1.526193
0.244898 0.1428571 8 1.637314
0.244898 0.1632653 8 1.742082
0.244898 0.1836735 8 1.833643
0.244898 0.2040816 8 1.906009
0.244898 0.2244898 8 1.954447
0.244898 0.244898 8 1.975787
0.244898 0.2653061 8 1.968634
0.244898 0.2857143 8 1.933457
0.244898 0.3061224 8 1.872555
0.244898 0.3265306 8 1.789913
0.244898 0.3469388 8 1.690936
0.244898 0.3673469 8 1.582098
0.244898 0.3877551 8 1.470518
0.244898 0.4081633 8 1.363496
0.244898 0.4285714 8 1.26803
0.244898 0.4489796 8 1.190367
0.244898 0.4693878 8 1.135584
0.244898 0.4897959 8 1.107267
0.244898 0.5102041 8 1.107267
0.244898 0.5306122 8 1.135584
0.244898 0.5510204 8 1.190367
0.244898 0.5714286 8 1.26803
0.244898 0.5918367 8 1.363496
0.244898 0.6122449 8 1.470518
0.244898 0.6326531 8 1.582098
0.244898 0.6530612 8 1.690936
0.244898 0.6734694 8 1.789913
0.244898 0.6938776 8 1.872555
0.244898 0.7142857 8 1.933457
0.244898 0.7346939 8 1.968634
0.244898 0.755102 8 1.975787
0.244898 0.7755102 8 1.954447
0.244898 0.7959184 8 1.906009
0.244898 0.8163265 8 1.833643
0.244898 0.8367347 8 1.742082
0.244898 0.8571429 8 1.637314
0.244898 0.877551 8 1.526193
0.244898 0.8979592 8 1.415987
0.244898 0.9183673 8 1.313905
0.244898 0.9387755 8 1.226624
0.244898 0.9591837 8 1.159853
0.244898 0.9795918 8 1.117959
0.244898 1 8 1.103684
0.2653061 0 8 1.087472
0.2653061 0.02040816 8 1.101747
0.2653061 0.04081633 8 1.143641
0.2653061 0.06122449 8 1.210412
0.2653061 0.08163265 8 1.297693
0.2653061 0.1020408 8 1.399775
0.2653061 0.122449 8 1.509981
0.2653061 0.1428571 8 1.621102
0.2653061 0.1632653 8 1.72587
0.2653061 0.1836735 8 1.817431
0.2653061 0.2040816 8 1.889797
0.2653061 0.2244898 8 1.938235
0.2653061 0.244898 8 1.959575
0.2653061 0.2653061 8 1.952422
0.2653061 0.2857143 8 1.917245
0.2653061 0.3061224 8 1.856343
0.2653061 0.3265306 8 1.773701
0.2653061 0.3469388 8 1.674724
0.2653061 0.3673469 8 1.565886
0.2653061 0.3877551 8 1.454306
0.2653061 0.4081633 8 1.347284
0.2653061 0.4285714 8 1.251818
0.2653061 0.4489796 8 1.174155
0.2653061 0.4693878 8 1.119373
0.2653061 0.4897959 8 1.091055
0.2653061 0.5102041 8 1.091055
0.2653061 0.5306122 8 1.119373
0.2653061 0.5510204 8 1.174155
0.2653061 0.5714286 8 1.251818
0.2653061 0.5918367 8 1.347284
0.2653061 0.6122449 8 1.454306
0.2653061 0.6326531 8 1.565886
0.2653061 0.6530612 8 1.674724
0.2653061 0.6734694 8 1.773701
0.2653061 0.6938776 8 1.856343
0.2653061 0.7142857 8 1.917245
0.2653061 0.7346939 8 1.952422
0.2653061 0.755102 8 1.959575
0.2653061 0.7755102 8 1.938235
0.2653061 0.7959184 8 1.889797
0.2653061 0.8163265 8 1.817431
0.2653061 0.8367347 8 1.72587
0.2653061 0.8571429 8 1.621102
0.2653061 0.877551 8 1.509981
0.2653061 0.8979592 8 1.399775
0.2653061 0.9183673 8 1.297693
0.2653061 0.9387755 8 1.210412
0.2653061 0.9591837 8 1.143641
0.2653061 0.9795918 8 1.101747
0.2653061 1 8 1.087472
0.2857143 0 8 1.007739
0.2857143 0.02040816 8 1.022015
0.2857143 0.04081633 8 1.063908
0.2857143 0.06122449 8 1.13068
0.2857143 0.08163265 8 1.217961
0.2857143 0.1020408 8 1.320043
0.2857143 0.122449 8 1.430249
0.2857143 0.1428571 8 1.54137
0.2857143 0.1632653 8 1.646137
0.2857143 0.1836735 8 1.737699
0.2857143 0.2040816 8 1.810065
0.2857143 0.2244898 8 1.858502
0.2857143 0.244898 8 1.879842
0.2857143 0.2653061 8 1.87269
0.2857143 0.2857143 8 1.837512
0.2857143 0.3061224 8 1.77661
0.2857143 0.3265306 8 1.693968
0.2857143 0.3469388 8 1.594991
0.2857143 0.3673469 8 1.486153
0.2857143 0.3877551 8 1.374574
0.2857143 0.4081633 8 1.267551
0.2857143 0.4285714 8 1.172086
0.2857143 0.4489796 8 1.094422
0.2857143 0.4693878 8 1.03964
0.2857143 0.4897959 8 1.011323
0.2857143 0.5102041 8 1.011323
0.2857143 0.5306122 8 1.03964
0.2857143 0.5510204 8 1.094422
0.2857143 0.5714286 8 1.172086
0.2857143 0.5918367 8 1.267551
0.2857143 0.6122449 8 1.374574
0.2857143 0.6326531 8 1.486153
0.2857143 0.6530612 8 1.594991
0.2857143 0.6734694 8 1.693968
0.2857143 0.6938776 8 1.77661
0.2857143 0.7142857 8 1.837512
0.2857143 0.7346939 8 1.87269
0.2857143 0.755102 8 1.879842
0.2857143 0.7755102 8 1.858502
0.2857143 0.7959184 8 1.810065
0.2857143 0.8163265 8 1.737699
0.2857143 0.8367347 8 1.646137
0.2857143 0.8571429 8 1.54137
0.2857143 0.877551 8 1.430249
0.2857143 0.8979592 8 1.320043
0.2857143 0.9183673 8 1.217961
0.2857143 0.9387755 8 1.13068
0.2857143 0.9591837 8 1.063908
0.2857143 0.9795918 8 1.022015
0.2857143 1 8 1.007739
0.3061224 0 8 0.8697009
0.3061224 0.02040816 8 0.8839767
0.3061224 0.04081633 8 0.9258703
0.3061224 0.06122449 8 0.9926414
0.3061224 0.08163265 8 1.079923
0.3061224 0.1020408 8 1.182005
0.3061224 0.122449 8 1.29221
0.3061224 0.1428571 8 1.403331
0.3061224 0.1632653 8 1.508099
0.3061224 0.1836735 8 1.59966
0.3061224 0.2040816 8 1.672027
0.3061224 0.2244898 8 1.720464
0.3061224 0.244898 8 1.741804
0.3061224 0.2653061 8 1.734652
0.3061224 0.2857143 8 1.699474
0.3061224 0.3061224 8 1.638572
0.3061224 0.3265306 8 1.55593
0.3061224 0.3469388 8 1.456953
0.3061224 0.3673469 8 1.348115
0.3061224 0.3877551 8 1.236536
0.3061224 0.4081633 8 1.129513
0.3061224 0.4285714 8 1.034048
0.3061224 0.4489796 8 0.9563839
0.3061224 0.4693878 8 0.9016017
0.3061224 0.4897959 8 0.8732845
0.3061224 0.5102041 8 0.8732845
0.3061224 0.5306122 8 0.9016017
0.3061224 0.5510204 8 0.9563839
0.3061224 0.5714286 8 1.034048
0.3061224 0.5918367 8 1.129513
0.3061224 0.6122449 8 1.236536
0.3061224 0.6326531 8 1.348115
0.3061224 0.6530612 8 1.456953
0.3061224 0.6734694 8 1.55593
0.3061224 0.6938776 8 1.638572
0.3061224 0.7142857 8 1.699474
0.3061224 0.7346939 8 1.734652
0.3061224 0.755102 8 1.741804
0.3061224 0.7755102 8 1.720464
0.3061224 0.7959184 8 1.672027
0.3061224 0.8163265 8 1.59966
0.3061224 0.8367347 8 1.508099
0.3061224 0.8571429 8 1.403331
0.3061224 0.877551 8 1.29221
0.3061224 0.8979592 8 1.182005
0.3061224 0.9183673 8 1.079923
0.3061224 0.9387755 8 0.9926414
0.3061224 0.9591837 8 0.9258703
0.3061224 0.9795918 8 0.8839767
0.3061224 1 8 0.8697009
0.3265306 0 8 0.6823864
0.3265306 0.02040816 8 0.6966622
0.3265306 0.04081633 8 0.7385558
0.3265306 0.06122449 8 0.8053269
0.3265306 0.08163265 8 0.8926081
0.3265306 0.1020408 8 0.9946902
0.3265306 0.122449 8 1.104896
0.3265306 0.1428571 8 1.216017
0.3265306 0.1632653 8 1.320784
0.3265306 0.1836735 8 1.412346
0.3265306 0.2040816 8 1.484712
0.3265306 0.2244898 8 1.533149
0.3265306 0.244898 8 1.55449
0.3265306 0.2653061 8 1.547337
0.3265306 0.2857143 8 1.512159
0.3265306 0.3061224 8 1.451258
0.3265306 0.3265306 8 1.368615
0.3265306 0.3469388 8 1.269638
0.3265306 0.3673469 8 1.160801
0.3265306 0.3877551 8 1.049221
0.3265306 0.4081633 8 0.9421985
0.3265306 0.4285714 8 0.8467331
0.3265306 0.4489796 8 0.7690694
0.3265306 0.4693878 8 0.7142872
0.3265306 0.4897959 8 0.68597
0.3265306 0.5102041 8 0.68597
0.3265306 0.5306122 8 0.7142872
0.3265306 0.5510204 8 0.7690694
0.3265306 0.5714286 8 0.8467331
0.3265306 0.5918367 8 0.9421985
0.3265306 0.6122449 8 1.049221
0.3265306 0.6326531 8 1.160801
0.3265306 0.6530612 8 1.269638
0.3265306 0.6734694 8 1.368615
0.3265306 0.6938776 8 1.451258
0.3265306 0.7142857 8 1.512159
0.3265306 0.7346939 8 1.547337
0.3265306 0.755102 8 1.55449
0.3265306 0.7755102 8 1.533149
0.3265306 0.7959184 8 1.484712
0.3265306 0.8163265 8 1.412346
0.3265306 0.8367347 8 1.320784
0.3265306 0.8571429 8 1.216017
0.3265306 0.877551 8 1.104896
0.3265306 0.8979592 8 0.9946902
0.3265306 0.9183673 8 0.8926081
0.3265306 0.9387755 8 0.8053269
0.3265306 0.9591837 8 0.7385558
0.3265306 0.9795918 8 0.6966622
0.3265306 1 8 0.6823864
0.3469388 0 8 0.4580478
0.3469388 0.02040816 8 0.4723236
0.3469388 0.04081633 8 0.5142172
0.3469388 0.06122449 8 0.5809883
0.3469388 0.08163265 8 0.6682695
0.3469388 0.1020408 8 0.7703516
0.3469388 0.122449 8 0.8805574
0.3469388 0.1428571 8 0.9916783
0.3469388 0.1632653 8 1.096446
0.3469388 0.1836735 8 1.188007
0.3469388 0.2040816 8 1.260373
0.3469388 0.2244898 8 1.308811
0.3469388 0.244898 8 1.330151
0.3469388 0.2653061 8 1.322999
0.3469388 0.2857143 8 1.287821
0.3469388 0.3061224 8 1.226919
0.3469388 0.3265306 8 1.144277
0.3469388 0.3469388 8 1.0453
0.3469388 0.3673469 8 0.936462
0.3469388 0.3877551 8 0.8248825
0.3469388 0.4081633 8 0.7178599
0.3469388 0.4285714 8 0.6223945
0.3469388 0.4489796 8 0.5447308
0.3469388 0.4693878 8 0.4899487
0.3469388 0.4897959 8 0.4616315
0.3469388 0.5102041 8 0.4616315
0.3469388 0.5306122 8 0.4899487
0.3469388 0.5510204 8 0.5447308
0.3469388 0.5714286 8 0.6223945
0.3469388 0.5918367 8 0.7178599
0.3469388 0.6122449 8 0.8248825
0.3469388 0.6326531 8 0.936462
0.3469388 0.6530612 8 1.0453
0.3469388 0.6734694 8 1.144277
0.3469388 0.6938776 8 1.226919
0.3469388 0.7142857 8 1.287821
0.3469388 0.7346939 8 1.322999
0.3469388 0.755102 8 1.330151
0.3469388 0.7755102 8 1.308811
0.3469388 0.7959184 8 1.260373
0.3469388 0.8163265 8 1.188007
0.3469388 0.8367347 8 1.096446
0.3469388 0.8571429 8 0.9916783
0.3469388 0.877551 8 0.8805574
0.3469388 0.8979592 8 0.7703516
0.3469388 0.9183673 8 0.6682695
0.3469388 0.9387755 8 0.5809883
0.3469388 0.9591837 8 0.5142172
0.3469388 0.9795918 8 0.4723236
0.3469388 1 8 0.4580478
0.3673469 0 8 0.2113592
0.3673469 0.02040816 8 0.225635
0.3673469 0.04081633 8 0.2675286
0.3673469 0.06122449 8 0.3342998
0.3673469 0.08163265 8 0.4215809
0.3673469 0.1020408 8 0.523663
0.3673469 0.122449 8 0.6338688
0.3673469 0.1428571 8 0.7449897
0.3673469 0.1632653 8 0.8497573
0.3673469 0.1836735 8 0.9413187
0.3673469 0.2040816 8 1.013685
0.3673469 0.2244898 8 1.062122
0.3673469 0.244898 8 1.083463
0.3673469 0.2653061 8 1.07631
0.3673469 0.2857143 8 1.041132
0.3673469 0.3061224 8 0.9802306
0.3673469 0.3265306 8 0.8975883
0.3673469 0.3469388 8 0.7986112
0.3673469 0.3673469 8 0.6897734
0.3673469 0.3877551 8 0.5781939
0.3673469 0.4081633 8 0.4711713
0.3673469 0.4285714 8 0.375706
0.3673469 0.4489796 8 0.2980422
0.3673469 0.4693878 8 0.2432601
0.3673469 0.4897959 8 0.2149429
0.3673469 0.5102041 8 0.2149429
0.3673469 0.5306122 8 0.2432601
0.3673469 0.5510204 8 0.2980422
0.3673469 0.5714286 8 0.375706
0.3673469 0.5918367 8 0.4711713
0.3673469 0.6122449 8 0.5781939
0.3673469 0.6326531 8 0.6897734
0.3673469 0.6530612 8 0.7986112
0.3673469 0.6734694 8 0.8975883
0.3673469 0.6938776 8 0.9802306
0.3673469 0.7142857 8 1.041132
0.3673469 0.7346939 8 1.07631
0.3673469 0.755102 8 1.083463
0.3673469 0.7755102 8 1.062122
0.3673469 0.7959184 8 1.013685
0.3673469 0.8163265 8 0.9413187
0.3673469 0.8367347 8 0.8497573
0.3673469 0.8571429 8 0.7449897
0.3673469 0.877551 8 0.6338688
0.3673469 0.8979592 8 0.523663
0.3673469 0.9183673 8 0.4215809
0.3673469 0.9387755 8 0.3342998
0.3673469 0.9591837 8 0.2675286
0.3673469 0.9795918 8 0.225635
0.3673469 1 8 0.2113592
0.3877551 0 8 -0.04154343
0.3877551 0.02040816 8 -0.02726763
0.3877551 0.04081633 8 0.01462597
0.3877551 0.06122449 8 0.08139711
0.3877551 0.08163265 8 0.1686783
0.3877551 0.1020408 8 0.2707604
0.3877551 0.122449 8 0.3809662
0.3877551 0.1428571 8 0.4920871
0.3877551 0.1632653 8 0.5968547
0.3877551 0.1836735 8 0.6884161
0.3877551 0.2040816 8 0.7607822
0.3877551 0.2244898 8 0.8092196
0.3877551 0.244898 8 0.8305599
0.3877551 0.2653061 8 0.8234073
0.3877551 0.2857143 8 0.7882297
0.3877551 0.3061224 8 0.7273279
0.3877551 0.3265306 8 0.6446857
0.3877551 0.3469388 8 0.5457086
0.3877551 0.3673469 8 0.4368707
0.3877551 0.3877551 8 0.3252913
0.3877551 0.4081633 8 0.2182687
0.3877551 0.4285714 8 0.1228033
0.3877551 0.4489796 8 0.04513955
0.3877551 0.4693878 8 -0.009642586
0.3877551 0.4897959 8 -0.03795977
0.3877551 0.5102041 8 -0.03795977
0.3877551 0.5306122 8 -0.009642586
0.3877551 0.5510204 8 0.04513955
0.3877551 0.5714286 8 0.1228033
0.3877551 0.5918367 8 0.2182687
0.3877551 0.6122449 8 0.3252913
0.3877551 0.6326531 8 0.4368707
0.3877551 0.6530612 8 0.5457086
0.3877551 0.6734694 8 0.6446857
0.3877551 0.6938776 8 0.7273279
0.3877551 0.7142857 8 0.7882297
0.3877551 0.7346939 8 0.8234073
0.3877551 0.755102 8 0.8305599
0.3877551 0.7755102 8 0.8092196
0.3877551 0.7959184 8 0.7607822
0.3877551 0.8163265 8 0.6884161
0.3877551 0.8367347 8 0.5968547
0.3877551 0.8571429 8 0.4920871
0.3877551 0.877551 8 0.3809662
0.3877551 0.8979592 8 0.2707604
0.3877551 0.9183673 8 0.1686783
0.3877551 0.9387755 8 0.08139711
0.3877551 0.9591837 8 0.01462597
0.3877551 0.9795918 8 -0.02726763
0.3877551 1 8 -0.04154343
0.4081633 0 8 -0.2841177
0.4081633 0.02040816 8 -0.2698419
0.4081633 0.04081633 8 -0.2279483
0.4081633 0.06122449 8 -0.1611772
0.4081633 0.08163265 8 -0.073896
0.4081633 0.1020408 8 0.02818609
0.4081633 0.122449 8 0.1383919
0.4081633 0.1428571 8 0.2495128
0.4081633 0.1632653 8 0.3542804
0.4081633 0.1836735 8 0.4458418
0.4081633 0.2040816 8 0.5182079
0.4081633 0.2244898 8 0.5666453
0.4081633 0.244898 8 0.5879857
0.4081633 0.2653061 8 0.5808331
0.4081633 0.2857143 8 0.5456554
0.4081633 0.3061224 8 0.4847536
0.4081633 0.3265306 8 0.4021114
0.4081633 0.3469388 8 0.3031343
0.4081633 0.3673469 8 0.1942965
0.4081633 0.3877551 8 0.08271704
0.4081633 0.4081633 8 -0.02430556
0.4081633 0.4285714 8 -0.119771
0.4081633 0.4489796 8 -0.1974347
0.4081633 0.4693878 8 -0.2522169
0.4081633 0.4897959 8 -0.280534
0.4081633 0.5102041 8 -0.280534
0.4081633 0.5306122 8 -0.2522169
0.4081633 0.5510204 8 -0.1974347
0.4081633 0.5714286 8 -0.119771
0.4081633 0.5918367 8 -0.02430556
0.4081633 0.6122449 8 0.08271704
0.4081633 0.6326531 8 0.1942965
0.4081633 0.6530612 8 0.3031343
0.4081633 0.6734694 8 0.4021114
0.4081633 0.6938776 8 0.4847536
0.4081633 0.7142857 8 0.5456554
0.4081633 0.7346939 8 0.5808331
0.4081633 0.755102 8 0.5879857
0.4081633 0.7755102 8 0.5666453
0.4081633 0.7959184 8 0.5182079
0.4081633 0.8163265 8 0.4458418
0.4081633 0.8367347 8 0.3542804
0.4081633 0.8571429 8 0.2495128
0.4081633 0.877551 8 0.1383919
0.4081633 0.8979592 8 0.02818609
0.4081633 0.9183673 8 -0.073896
0.4081633 0.9387755 8 -0.1611772
0.4081633 0.9591837 8 -0.2279483
0.4081633 0.9795918 8 -0.2698419
0.4081633 1 8 -0.2841177
0.4285714 0 8 -0.5004967
0.4285714 0.02040816 8 -0.4862209
0.4285714 0.04081633 8 -0.4443273
0.4285714 0.06122449 8 -0.3775562
0.4285714 0.08163265 8 -0.290275
0.4285714 0.1020408 8 -0.188193
0.4285714 0.122449 8 -0.07798715
0.4285714 0.1428571 8 0.03313378
0.4285714 0.1632653 8 0.1379014
0.4285714 0.1836735 8 0.2294628
0.4285714 0.2040816 8 0.3018289
0.4285714 0.2244898 8 0.3502663
0.4285714 0.244898 8 0.3716066
0.4285714 0.2653061 8 0.364454
0.4285714 0.2857143 8 0.3292764
0.4285714 0.3061224 8 0.2683746
0.4285714 0.3265306 8 0.1857323
0.4285714 0.3469388 8 0.08675525
0.4285714 0.3673469 8 -0.02208257
0.4285714 0.3877551 8 -0.133662
0.4285714 0.4081633 8 -0.2406846
0.4285714 0.4285714 8 -0.33615
0.4285714 0.4489796 8 -0.4138138
0.4285714 0.4693878 8 -0.4685959
0.4285714 0.4897959 8 -0.4969131
0.4285714 0.5102041 8 -0.4969131
0.4285714 0.5306122 8 -0.4685959
0.4285714 0.5510204 8 -0.4138138
0.4285714 0.5714286 8 -0.33615
0.4285714 0.5918367 8 -0.2406846
0.4285714 0.6122449 8 -0.133662
0.4285714 0.6326531 8 -0.02208257
0.4285714 0.6530612 8 0.08675525
0.4285714 0.6734694 8 0.1857323
0.4285714 0.6938776 8 0.2683746
0.4285714 0.7142857 8 0.3292764
0.4285714 0.7346939 8 0.364454
0.4285714 0.755102 8 0.3716066
0.4285714 0.7755102 8 0.3502663
0.4285714 0.7959184 8 0.3018289
0.4285714 0.8163265 8 0.2294628
0.4285714 0.8367347 8 0.1379014
0.4285714 0.8571429 8 0.03313378
0.4285714 0.877551 8 -0.07798715
0.4285714 0.8979592 8 -0.188193
0.4285714 0.9183673 8 -0.290275
0.4285714 0.9387755 8 -0.3775562
0.4285714 0.9591837 8 -0.4443273
0.4285714 0.9795918 8 -0.4862209
0.4285714 1 8 -0.5004967
0.4489796 0 8 -0.6765271
0.4489796 0.02040816 8 -0.6622513
0.4489796 0.04081633 8 -0.6203577
0.4489796 0.06122449 8 -0.5535866
0.4489796 0.08163265 8 -0.4663054
0.4489796 0.1020408 8 -0.3642234
0.4489796 0.122449 8 -0.2540175
0.4489796 0.1428571 8 -0.1428966
0.4489796 0.1632653 8 -0.03812902
0.4489796 0.1836735 8 0.05343238
0.4489796 0.2040816 8 0.1257985
0.4489796 0.2244898 8 0.1742359
0.4489796 0.244898 8 0.1955762
0.4489796 0.2653061 8 0.1884236
0.4489796 0.2857143 8 0.153246
0.4489796 0.3061224 8 0.09234421
0.4489796 0.3265306 8 0.00970195
0.4489796 0.3469388 8 -0.08927515
0.4489796 0.3673469 8 -0.198113
0.4489796 0.3877551 8 -0.3096924
0.4489796 0.4081633 8 -0.416715
0.4489796 0.4285714 8 -0.5121804
0.4489796 0.4489796 8 -0.5898442
0.4489796 0.4693878 8 -0.6446263
0.4489796 0.4897959 8 -0.6729435
0.4489796 0.5102041 8 -0.6729435
0.4489796 0.5306122 8 -0.6446263
0.4489796 0.5510204 8 -0.5898442
0.4489796 0.5714286 8 -0.5121804
0.4489796 0.5918367 8 -0.416715
0.4489796 0.6122449 8 -0.3096924
0.4489796 0.6326531 8 -0.198113
0.4489796 0.6530612 8 -0.08927515
0.4489796 0.6734694 8 0.00970195
0.4489796 0.6938776 8 0.09234421
0.4489796 0.7142857 8 0.153246
0.4489796 0.7346939 8 0.1884236
0.4489796 0.755102 8 0.1955762
0.4489796 0.7755102 8 0.1742359
0.4489796 0.7959184 8 0.1257985
0.4489796 0.8163265 8 0.05343238
0.4489796 0.8367347 8 -0.03812902
0.4489796 0.8571429 8 -0.1428966
0.4489796 0.877551 8 -0.2540175
0.4489796 0.8979592 8 -0.3642234
0.4489796 0.9183673 8 -0.4663054
0.4489796 0.9387755 8 -0.5535866
0.4489796 0.9591837 8 -0.6203577
0.4489796 0.9795918 8 -0.6622513
0.4489796 1 8 -0.6765271
0.4693878 0 8 -0.8006947
0.4693878 0.02040816 8 -0.7864189
0.4693878 0.04081633 8 -0.7445253
0.4693878 0.06122449 8 -0.6777542
0.4693878 0.08163265 8 -0.590473
0.4693878 0.1020408 8 -0.4883909
0.4693878 0.122449 8 -0.3781851
0.4693878 0.1428571 8 -0.2670642
0.4693878 0.1632653 8 -0.1622966
0.4693878 0.1836735 8 -0.07073519
0.4693878 0.2040816 8 0.00163095
0.4693878 0.2244898 8 0.05006834
0.4693878 0.244898 8 0.07140867
0.4693878 0.2653061 8 0.06425608
0.4693878 0.2857143 8 0.02907841
0.4693878 0.3061224 8 -0.03182335
0.4693878 0.3265306 8 -0.1144656
0.4693878 0.3469388 8 -0.2134427
0.4693878 0.3673469 8 -0.3222805
0.4693878 0.3877551 8 -0.43386
0.4693878 0.4081633 8 -0.5408826
0.4693878 0.4285714 8 -0.636348
0.4693878 0.4489796 8 -0.7140117
0.4693878 0.4693878 8 -0.7687939
0.4693878 0.4897959 8 -0.797111
0.4693878 0.5102041 8 -0.797111
0.4693878 0.5306122 8 -0.7687939
0.4693878 0.5510204 8 -0.7140117
0.4693878 0.5714286 8 -0.636348
0.4693878 0.5918367 8 -0.5408826
0.4693878 0.6122449 8 -0.43386
0.4693878 0.6326531 8 -0.3222805
0.4693878 0.6530612 8 -0.2134427
0.4693878 0.6734694 8 -0.1144656
0.4693878 0.6938776 8 -0.03182335
0.4693878 0.7142857 8 0.02907841
0.4693878 0.7346939 8 0.06425608
0.4693878 0.755102 8 0.07140867
0.4693878 0.7755102 8 0.05006834
0.4693878 0.7959184 8 0.00163095
0.4693878 0.8163265 8 -0.07073519
0.4693878 0.8367347 8 -0.1622966
0.4693878 0.8571429 8 -0.2670642
0.4693878 0.877551 8 -0.3781851
0.4693878 0.8979592 8 -0.4883909
0.4693878 0.9183673 8 -0.590473
0.4693878 0.9387755 8 -0.6777542
0.4693878 0.9591837 8 -0.7445253
0.4693878 0.9795918 8 -0.7864189
0.4693878 1 8 -0.8006947
0.4897959 0 8 -0.8648776
0.4897959 0.02040816 8 -0.8506018
0.4897959 0.04081633 8 -0.8087082
0.4897959 0.06122449 8 -0.741937
0.4897959 0.08163265 8 -0.6546559
0.4897959 0.1020408 8 -0.5525738
0.4897959 0.122449 8 -0.442368
0.4897959 0.1428571 8 -0.3312471
0.4897959 0.1632653 8 -0.2264795
0.4897959 0.1836735 8 -0.1349181
0.4897959 0.2040816 8 -0.06255194
0.4897959 0.2244898 8 -0.01411455
0.4897959 0.244898 8 0.007225781
0.4897959 0.2653061 8 7.318768e-05
0.4897959 0.2857143 8 -0.03510448
0.4897959 0.3061224 8 -0.09600625
0.4897959 0.3265306 8 -0.1786485
0.4897959 0.3469388 8 -0.2776256
0.4897959 0.3673469 8 -0.3864634
0.4897959 0.3877551 8 -0.4980429
0.4897959 0.4081633 8 -0.6050655
0.4897959 0.4285714 8 -0.7005308
0.4897959 0.4489796 8 -0.7781946
0.4897959 0.4693878 8 -0.8329767
0.4897959 0.4897959 8 -0.8612939
0.4897959 0.5102041 8 -0.8612939
0.4897959 0.5306122 8 -0.8329767
0.4897959 0.5510204 8 -0.7781946
0.4897959 0.5714286 8 -0.7005308
0.4897959 0.5918367 8 -0.6050655
0.4897959 0.6122449 8 -0.4980429
0.4897959 0.6326531 8 -0.3864634
0.4897959 0.6530612 8 -0.2776256
0.4897959 0.6734694 8 -0.1786485
0.4897959 0.6938776 8 -0.09600625
0.4897959 0.7142857 8 -0.03510448
0.4897959 0.7346939 8 7.318768e-05
0.4897959 0.755102 8 0.007225781
0.4897959 0.7755102 8 -0.01411455
0.4897959 0.7959184 8 -0.06255194
0.4897959 0.8163265 8 -0.1349181
0.4897959 0.8367347 8 -0.2264795
0.4897959 0.8571429 8 -0.3312471
0.4897959 0.877551 8 -0.442368
0.4897959 0.8979592 8 -0.5525738
0.4897959 0.9183673 8 -0.6546559
0.4897959 0.9387755 8 -0.741937
0.4897959 0.9591837 8 -0.8087082
0.4897959 0.9795918 8 -0.8506018
0.4897959 1 8 -0.8648776
0.5102041 0 8 -0.8648776
0.5102041 0.02040816 8 -0.8506018
0.5102041 0.04081633 8 -0.8087082
0.5102041 0.06122449 8 -0.741937
0.5102041 0.08163265 8 -0.6546559
0.5102041 0.1020408 8 -0.5525738
0.5102041 0.122449 8 -0.442368
0.5102041 0.1428571 8 -0.3312471
0.5102041 0.1632653 8 -0.2264795
0.5102041 0.1836735 8 -0.1349181
0.5102041 0.2040816 8 -0.06255194
0.5102041 0.2244898 8 -0.01411455
0.5102041 0.244898 8 0.007225781
0.5102041 0.2653061 8 7.318768e-05
0.5102041 0.2857143 8 -0.03510448
0.5102041 0.3061224 8 -0.09600625
0.5102041 0.3265306 8 -0.1786485
0.5102041 0.3469388 8 -0.2776256
0.5102041 0.3673469 8 -0.3864634
0.5102041 0.3877551 8 -0.4980429
0.5102041 0.4081633 8 -0.6050655
0.5102041 0.4285714 8 -0.7005308
0.5102041 0.4489796 8 -0.7781946
0.5102041 0.4693878 8 -0.8329767
0.5102041 0.4897959 8 -0.8612939
0.5102041 0.5102041 8 -0.8612939
0.5102041 0.5306122 8 -0.8329767
0.5102041 0.5510204 8 -0.7781946
0.5102041 0.5714286 8 -0.7005308
0.5102041 0.5918367 8 -0.6050655
0.5102041 0.6122449 8 -0.4980429
0.5102041 0.6326531 8 -0.3864634
0.5102041 0.6530612 8 -0.2776256
0.5102041 0.6734694 8 -0.1786485
0.5102041 0.6938776 8 -0.09600625
0.5102041 0.7142857 8 -0.03510448
0.5102041 0.7346939 8 7.318768e-05
0.5102041 0.755102 8 0.007225781
0.5102041 0.7755102 8 -0.01411455
0.5102041 0.7959184 8 -0.06255194
0.5102041 0.8163265 8 -0.1349181
0.5102041 0.8367347 8 -0.2264795
0.5102041 0.8571429 8 -0.3312471
0.5102041 0.877551 8 -0.442368
0.5102041 0.8979592 8 -0.5525738
0.5102041 0.9183673 8 -0.6546559
0.5102041 0.9387755 8 -0.741937
0.5102041 0.9591837 8 -0.8087082
0.5102041 0.9795918 8 -0.8506018
0.5102041 1 8 -0.8648776
0.5306122 0 8 -0.8006947
0.5306122 0.02040816 8 -0.7864189
0.5306122 0.04081633 8 -0.7445253
0.5306122 0.06122449 8 -0.6777542
0.5306122 0.08163265 8 -0.590473
0.5306122 0.1020408 8 -0.4883909
0.5306122 0.122449 8 -0.3781851
0.5306122 0.1428571 8 -0.2670642
0.5306122 0.1632653 8 -0.1622966
0.5306122 0.1836735 8 -0.07073519
0.5306122 0.2040816 8 0.00163095
0.5306122 0.2244898 8 0.05006834
0.5306122 0.244898 8 0.07140867
0.5306122 0.2653061 8 0.06425608
0.5306122 0.2857143 8 0.02907841
0.5306122 0.3061224 8 -0.03182335
0.5306122 0.3265306 8 -0.1144656
0.5306122 0.3469388 8 -0.2134427
0.5306122 0.3673469 8 -0.3222805
0.5306122 0.3877551 8 -0.43386
0.5306122 0.4081633 8 -0.5408826
0.5306122 0.4285714 8 -0.636348
0.5306122 0.4489796 8 -0.7140117
0.5306122 0.4693878 8 -0.7687939
0.5306122 0.4897959 8 -0.797111
0.5306122 0.5102041 8 -0.797111
0.5306122 0.5306122 8 -0.7687939
0.5306122 0.5510204 8 -0.7140117
0.5306122 0.5714286 8 -0.636348
0.5306122 0.5918367 8 -0.5408826
0.5306122 0.6122449 8 -0.43386
0.5306122 0.6326531 8 -0.3222805
0.5306122 0.6530612 8 -0.2134427
0.5306122 0.6734694 8 -0.1144656
0.5306122 0.6938776 8 -0.03182335
0.5306122 0.7142857 8 0.02907841
0.5306122 0.7346939 8 0.06425608
0.5306122 0.755102 8 0.07140867
0.5306122 0.7755102 8 0.05006834
0.5306122 0.7959184 8 0.00163095
0.5306122 0.8163265 8 -0.07073519
0.5306122 0.8367347 8 -0.1622966
0.5306122 0.8571429 8 -0.2670642
0.5306122 0.877551 8 -0.3781851
0.5306122 0.8979592 8 -0.4883909
0.5306122 0.9183673 8 -0.590473
0.5306122 0.9387755 8 -0.6777542
0.5306122 0.9591837 8 -0.7445253
0.5306122 0.9795918 8 -0.7864189
0.5306122 1 8 -0.8006947
0.5510204 0 8 -0.6765271
0.5510204 0.02040816 8 -0.6622513
0.5510204 0.04081633 8 -0.6203577
0.5510204 0.06122449 8 -0.5535866
0.5510204 0.08163265 8 -0.4663054
0.5510204 0.1020408 8 -0.3642234
0.5510204 0.122449 8 -0.2540175
0.5510204 0.1428571 8 -0.1428966
0.5510204 0.1632653 8 -0.03812902
0.5510204 0.1836735 8 0.05343238
0.5510204 0.2040816 8 0.1257985
0.5510204 0.2244898 8 0.1742359
0.5510204 0.244898 8 0.1955762
0.5510204 0.2653061 8 0.1884236
0.5510204 0.2857143 8 0.153246
0.5510204 0.3061224 8 0.09234421
0.5510204 0.3265306 8 0.00970195
0.5510204 0.3469388 8 -0.08927515
0.5510204 0.3673469 8 -0.198113
0.5510204 0.3877551 8 -0.3096924
0.5510204 0.4081633 8 -0.416715
0.5510204 0.4285714 8 -0.5121804
0.5510204 0.4489796 8 -0.5898442
0.5510204 0.4693878 8 -0.6446263
0.5510204 0.4897959 8 -0.6729435
0.5510204 0.5102041 8 -0.6729435
0.5510204 0.5306122 8 -0.6446263
0.5510204 0.5510204 8 -0.5898442
0.5510204 0.5714286 8 -0.5121804
0.5510204 0.5918367 8 -0.416715
0.5510204 0.6122449 8 -0.3096924
0.5510204 0.6326531 8 -0.198113
0.5510204 0.6530612 8 -0.08927515
0.5510204 0.6734694 8 0.00970195
0.5510204 0.6938776 8 0.09234421
0.5510204 0.7142857 8 0.153246
0.5510204 0.7346939 8 0.1884236
0.5510204 0.755102 8 0.1955762
0.5510204 0.7755102 8 0.1742359
0.5510204 0.7959184 8 0.1257985
0.5510204 0.8163265 8 0.05343238
0.5510204 0.8367347 8 -0.03812902
0.5510204 0.8571429 8 -0.1428966
0.5510204 0.877551 8 -0.2540175
0.5510204 0.8979592 8 -0.3642234
0.5510204 0.9183673 8 -0.4663054
0.5510204 0.9387755 8 -0.5535866
0.5510204 0.9591837 8 -0.6203577
0.5510204 0.9795918 8 -0.6622513
0.5510204 1 8 -0.6765271
0.5714286 0 8 -0.5004967
0.5714286 0.02040816 8 -0.4862209
0.5714286 0.04081633 8 -0.4443273
0.5714286 0.06122449 8 -0.3775562
0.5714286 0.08163265 8 -0.290275
0.5714286 0.1020408 8 -0.188193
0.5714286 0.122449 8 -0.07798715
0.5714286 0.1428571 8 0.03313378
0.5714286 0.1632653 8 0.1379014
0.5714286 0.1836735 8 0.2294628
0.5714286 0.2040816 8 0.3018289
0.5714286 0.2244898 8 0.3502663
0.5714286 0.244898 8 0.3716066
0.5714286 0.2653061 8 0.364454
0.5714286 0.2857143 8 0.3292764
0.5714286 0.3061224 8 0.2683746
0.5714286 0.3265306 8 0.1857323
0.5714286 0.3469388 8 0.08675525
0.5714286 0.3673469 8 -0.02208257
0.5714286 0.3877551 8 -0.133662
0.5714286 0.4081633 8 -0.2406846
0.5714286 0.4285714 8 -0.33615
0.5714286 0.4489796 8 -0.4138138
0.5714286 0.4693878 8 -0.4685959
0.5714286 0.4897959 8 -0.4969131
0.5714286 0.5102041 8 -0.4969131
0.5714286 0.5306122 8 -0.4685959
0.5714286 0.5510204 8 -0.4138138
0.5714286 0.5714286 8 -0.33615
0.5714286 0.5918367 8 -0.2406846
0.5714286 0.6122449 8 -0.133662
0.5714286 0.6326531 8 -0.02208257
0.5714286 0.6530612 8 0.08675525
0.5714286 0.6734694 8 0.1857323
0.5714286 0.6938776 8 0.2683746
0.5714286 0.7142857 8 0.3292764
0.5714286 0.7346939 8 0.364454
0.5714286 0.755102 8 0.3716066
0.5714286 0.7755102 8 0.3502663
0.5714286 0.7959184 8 0.3018289
0.5714286 0.8163265 8 0.2294628
0.5714286 0.8367347 8 0.1379014
0.5714286 0.8571429 8 0.03313378
0.5714286 0.877551 8 -0.07798715
0.5714286 0.8979592 8 -0.188193
0.5714286 0.9183673 8 -0.290275
0.5714286 0.9387755 8 -0.3775562
0.5714286 0.9591837 8 -0.4443273
0.5714286 0.9795918 8 -0.4862209
0.5714286 1 8 -0.5004967
0.5918367 0 8 -0.2841177
0.5918367 0.02040816 8 -0.2698419
0.5918367 0.04081633 8 -0.2279483
0.5918367 0.06122449 8 -0.1611772
0.5918367 0.08163265 8 -0.073896
0.5918367 0.1020408 8 0.02818609
0.5918367 0.122449 8 0.1383919
0.5918367 0.1428571 8 0.2495128
0.5918367 0.1632653 8 0.3542804
0.5918367 0.1836735 8 0.4458418
0.5918367 0.2040816 8 0.5182079
0.5918367 0.2244898 8 0.5666453
0.5918367 0.244898 8 0.5879857
0.5918367 0.2653061 8 0.5808331
0.5918367 0.2857143 8 0.5456554
0.5918367 0.3061224 8 0.4847536
0.5918367 0.3265306 8 0.4021114
0.5918367 0.3469388 8 0.3031343
0.5918367 0.3673469 8 0.1942965
0.5918367 0.3877551 8 0.08271704
0.5918367 0.4081633 8 -0.02430556
0.5918367 0.4285714 8 -0.119771
0.5918367 0.4489796 8 -0.1974347
0.5918367 0.4693878 8 -0.2522169
0.5918367 0.4897959 8 -0.280534
0.5918367 0.5102041 8 -0.280534
0.5918367 0.5306122 8 -0.2522169
0.5918367 0.5510204 8 -0.1974347
0.5918367 0.5714286 8 -0.119771
0.5918367 0.5918367 8 -0.02430556
0.5918367 0.6122449 8 0.08271704
0.5918367 0.6326531 8 0.1942965
0.5918367 0.6530612 8 0.3031343
0.5918367 0.6734694 8 0.4021114
0.5918367 0.6938776 8 0.4847536
0.5918367 0.7142857 8 0.5456554
0.5918367 0.7346939 8 0.5808331
0.5918367 0.755102 8 0.5879857
0.5918367 0.7755102 8 0.5666453
0.5918367 0.7959184 8 0.5182079
0.5918367 0.8163265 8 0.4458418
0.5918367 0.8367347 8 0.3542804
0.5918367 0.8571429 8 0.2495128
0.5918367 0.877551 8 0.1383919
0.5918367 0.8979592 8 0.02818609
0.5918367 0.9183673 8 -0.073896
0.5918367 0.9387755 8 -0.1611772
0.5918367 0.9591837 8 -0.2279483
0.5918367 0.9795918 8 -0.2698419
0.5918367 1 8 -0.2841177
0.6122449 0 8 -0.04154343
0.6122449 0.02040816 8 -0.02726763
0.6122449 0.04081633 8 0.01462597
0.6122449 0.06122449 8 0.08139711
0.6122449 0.08163265 8 0.1686783
0.6122449 0.1020408 8 0.2707604
0.6122449 0.122449 8 0.3809662
0.6122449 0.1428571 8 0.4920871
0.6122449 0.1632653 8 0.5968547
0.6122449 0.1836735 8 0.6884161
0.6122449 0.2040816 8 0.7607822
0.6122449 0.2244898 8 0.8092196
0.6122449 0.244898 8 0.8305599
0.6122449 0.2653061 8 0.8234073
0.6122449 0.2857143 8 0.7882297
0.6122449 0.3061224 8 0.7273279
0.6122449 0.3265306 8 0.6446857
0.6122449 0.3469388 8 0.5457086
0.6122449 0.3673469 8 0.4368707
0.6122449 0.3877551 8 0.3252913
0.6122449 0.4081633 8 0.2182687
0.6122449 0.4285714 8 0.1228033
0.6122449 0.4489796 8 0.04513955
0.6122449 0.4693878 8 -0.009642586
0.6122449 0.4897959 8 -0.03795977
0.6122449 0.5102041 8 -0.03795977
0.6122449 0.5306122 8 -0.009642586
0.6122449 0.5510204 8 0.04513955
0.6122449 0.5714286 8 0.1228033
0.6122449 0.5918367 8 0.2182687
0.6122449 0.6122449 8 0.3252913
0.6122449 0.6326531 8 0.4368707
0.6122449 0.6530612 8 0.5457086
0.6122449 0.6734694 8 0.6446857
0.6122449 0.6938776 8 0.7273279
0.6122449 0.7142857 8 0.7882297
0.6122449 0.7346939 8 0.8234073
0.6122449 0.755102 8 0.8305599
0.6122449 0.7755102 8 0.8092196
0.6122449 0.7959184 8 0.7607822
0.6122449 0.8163265 8 0.6884161
0.6122449 0.8367347 8 0.5968547
0.6122449 0.8571429 8 0.4920871
0.6122449 0.877551 8 0.3809662
0.6122449 0.8979592 8 0.2707604
0.6122449 0.9183673 8 0.1686783
0.6122449 0.9387755 8 0.08139711
0.6122449 0.9591837 8 0.01462597
0.6122449 0.9795918 8 -0.02726763
0.6122449 1 8 -0.04154343
0.6326531 0 8 0.2113592
0.6326531 0.02040816 8 0.225635
0.6326531 0.04081633 8 0.2675286
0.6326531 0.06122449 8 0.3342998
0.6326531 0.08163265 8 0.4215809
0.6326531 0.1020408 8 0.523663
0.6326531 0.122449 8 0.6338688
0.6326531 0.1428571 8 0.7449897
0.6326531 0.1632653 8 0.8497573
0.6326531 0.1836735 8 0.9413187
0.6326531 0.2040816 8 1.013685
0.6326531 0.2244898 8 1.062122
0.6326531 0.244898 8 1.083463
0.6326531 0.2653061 8 1.07631
0.6326531 0.2857143 8 1.041132
0.6326531 0.3061224 8 0.9802306
0.6326531 0.3265306 8 0.8975883
0.6326531 0.3469388 8 0.7986112
0.6326531 0.3673469 8 0.6897734
0.6326531 0.3877551 8 0.5781939
0.6326531 0.4081633 8 0.4711713
0.6326531 0.4285714 8 0.375706
0.6326531 0.4489796 8 0.2980422
0.6326531 0.4693878 8 0.2432601
0.6326531 0.4897959 8 0.2149429
0.6326531 0.5102041 8 0.2149429
0.6326531 0.5306122 8 0.2432601
0.6326531 0.5510204 8 0.2980422
0.6326531 0.5714286 8 0.375706
0.6326531 0.5918367 8 0.4711713
0.6326531 0.6122449 8 0.5781939
0.6326531 0.6326531 8 0.6897734
0.6326531 0.6530612 8 0.7986112
0.6326531 0.6734694 8 0.8975883
0.6326531 0.6938776 8 0.9802306
0.6326531 0.7142857 8 1.041132
0.6326531 0.7346939 8 1.07631
0.6326531 0.755102 8 1.083463
0.6326531 0.7755102 8 1.062122
0.6326531 0.7959184 8 1.013685
0.6326531 0.8163265 8 0.9413187
0.6326531 0.8367347 8 0.8497573
0.6326531 0.8571429 8 0.7449897
0.6326531 0.877551 8 0.6338688
0.6326531 0.8979592 8 0.523663
0.6326531 0.9183673 8 0.4215809
0.6326531 0.9387755 8 0.3342998
0.6326531 0.9591837 8 0.2675286
0.6326531 0.9795918 8 0.225635
0.6326531 1 8 0.2113592
0.6530612 0 8 0.4580478
0.6530612 0.02040816 8 0.4723236
0.6530612 0.04081633 8 0.5142172
0.6530612 0.06122449 8 0.5809883
0.6530612 0.08163265 8 0.6682695
0.6530612 0.1020408 8 0.7703516
0.6530612 0.122449 8 0.8805574
0.6530612 0.1428571 8 0.9916783
0.6530612 0.1632653 8 1.096446
0.6530612 0.1836735 8 1.188007
0.6530612 0.2040816 8 1.260373
0.6530612 0.2244898 8 1.308811
0.6530612 0.244898 8 1.330151
0.6530612 0.2653061 8 1.322999
0.6530612 0.2857143 8 1.287821
0.6530612 0.3061224 8 1.226919
0.6530612 0.3265306 8 1.144277
0.6530612 0.3469388 8 1.0453
0.6530612 0.3673469 8 0.936462
0.6530612 0.3877551 8 0.8248825
0.6530612 0.4081633 8 0.7178599
0.6530612 0.4285714 8 0.6223945
0.6530612 0.4489796 8 0.5447308
0.6530612 0.4693878 8 0.4899487
0.6530612 0.4897959 8 0.4616315
0.6530612 0.5102041 8 0.4616315
0.6530612 0.5306122 8 0.4899487
0.6530612 0.5510204 8 0.5447308
0.6530612 0.5714286 8 0.6223945
0.6530612 0.5918367 8 0.7178599
0.6530612 0.6122449 8 0.8248825
0.6530612 0.6326531 8 0.936462
0.6530612 0.6530612 8 1.0453
0.6530612 0.6734694 8 1.144277
0.6530612 0.6938776 8 1.226919
0.6530612 0.7142857 8 1.287821
0.6530612 0.7346939 8 1.322999
0.6530612 0.755102 8 1.330151
0.6530612 0.7755102 8 1.308811
0.6530612 0.7959184 8 1.260373
0.6530612 0.8163265 8 1.188007
0.6530612 0.8367347 8 1.096446
0.6530612 0.8571429 8 0.9916783
0.6530612 0.877551 8 0.8805574
0.6530612 0.8979592 8 0.7703516
0.6530612 0.9183673 8 0.6682695
0.6530612 0.9387755 8 0.5809883
0.6530612 0.9591837 8 0.5142172
0.6530612 0.9795918 8 0.4723236
0.6530612 1 8 0.4580478
0.6734694 0 8 0.6823864
0.6734694 0.02040816 8 0.6966622
0.6734694 0.04081633 8 0.7385558
0.6734694 0.06122449 8 0.8053269
0.6734694 0.08163265 8 0.8926081
0.6734694 0.1020408 8 0.9946902
0.6734694 0.122449 8 1.104896
0.6734694 0.1428571 8 1.216017
0.6734694 0.1632653 8 1.320784
0.6734694 0.1836735 8 1.412346
0.6734694 0.2040816 8 1.484712
0.6734694 0.2244898 8 1.533149
0.6734694 0.244898 8 1.55449
0.6734694 0.2653061 8 1.547337
0.6734694 0.2857143 8 1.512159
0.6734694 0.3061224 8 1.451258
0.6734694 0.3265306 8 1.368615
0.6734694 0.3469388 8 1.269638
0.6734694 0.3673469 8 1.160801
0.6734694 0.3877551 8 1.049221
0.6734694 0.4081633 8 0.9421985
0.6734694 0.4285714 8 0.8467331
0.6734694 0.4489796 8 0.7690694
0.6734694 0.4693878 8 0.7142872
0.6734694 0.4897959 8 0.68597
0.6734694 0.5102041 8 0.68597
0.6734694 0.5306122 8 0.7142872
0.6734694 0.5510204 8 0.7690694
0.6734694 0.5714286 8 0.8467331
0.6734694 0.5918367 8 0.9421985
0.6734694 0.6122449 8 1.049221
0.6734694 0.6326531 8 1.160801
0.6734694 0.6530612 8 1.269638
0.6734694 0.6734694 8 1.368615
0.6734694 0.6938776 8 1.451258
0.6734694 0.7142857 8 1.512159
0.6734694 0.7346939 8 1.547337
0.6734694 0.755102 8 1.55449
0.6734694 0.7755102 8 1.533149
0.6734694 0.7959184 8 1.484712
0.6734694 0.8163265 8 1.412346
0.6734694 0.8367347 8 1.320784
0.6734694 0.8571429 8 1.216017
0.6734694 0.877551 8 1.104896
0.6734694 0.8979592 8 0.9946902
0.6734694 0.9183673 8 0.8926081
0.6734694 0.9387755 8 0.8053269
0.6734694 0.9591837 8 0.7385558
0.6734694 0.9795918 8 0.6966622
0.6734694 1 8 0.6823864
0.6938776 0 8 0.8697009
0.6938776 0.02040816 8 0.8839767
0.6938776 0.04081633 8 0.9258703
0.6938776 0.06122449 8 0.9926414
0.6938776 0.08163265 8 1.079923
0.6938776 0.1020408 8 1.182005
0.6938776 0.122449 8 1.29221
0.6938776 0.1428571 8 1.403331
0.6938776 0.1632653 8 1.508099
0.6938776 0.1836735 8 1.59966
0.6938776 0.2040816 8 1.672027
0.6938776 0.2244898 8 1.720464
0.6938776 0.244898 8 1.741804
0.6938776 0.2653061 8 1.734652
0.6938776 0.2857143 8 1.699474
0.6938776 0.3061224 8 1.638572
0.6938776 0.3265306 8 1.55593
0.6938776 0.3469388 8 1.456953
0.6938776 0.3673469 8 1.348115
0.6938776 0.3877551 8 1.236536
0.6938776 0.4081633 8 1.129513
0.6938776 0.4285714 8 1.034048
0.6938776 0.4489796 8 0.9563839
0.6938776 0.4693878 8 0.9016017
0.6938776 0.4897959 8 0.8732845
0.6938776 0.5102041 8 0.8732845
0.6938776 0.5306122 8 0.9016017
0.6938776 0.5510204 8 0.9563839
0.6938776 0.5714286 8 1.034048
0.6938776 0.5918367 8 1.129513
0.6938776 0.6122449 8 1.236536
0.6938776 0.6326531 8 1.348115
0.6938776 0.6530612 8 1.456953
0.6938776 0.6734694 8 1.55593
0.6938776 0.6938776 8 1.638572
0.6938776 0.7142857 8 1.699474
0.6938776 0.7346939 8 1.734652
0.6938776 0.755102 8 1.741804
0.6938776 0.7755102 8 1.720464
0.6938776 0.7959184 8 1.672027
0.6938776 0.8163265 8 1.59966
0.6938776 0.8367347 8 1.508099
0.6938776 0.8571429 8 1.403331
0.6938776 0.877551 8 1.29221
0.6938776 0.8979592 8 1.182005
0.6938776 0.9183673 8 1.079923
0.6938776 0.9387755 8 0.9926414
0.6938776 0.9591837 8 0.9258703
0.6938776 0.9795918 8 0.8839767
0.6938776 1 8 0.8697009
0.7142857 0 8 1.007739
0.7142857 0.02040816 8 1.022015
0.7142857 0.04081633 8 1.063908
0.7142857 0.06122449 8 1.13068
0.7142857 0.08163265 8 1.217961
0.7142857 0.1020408 8 1.320043
0.7142857 0.122449 8 1.430249
0.7142857 0.1428571 8 1.54137
0.7142857 0.1632653 8 1.646137
0.7142857 0.1836735 8 1.737699
0.7142857 0.2040816 8 1.810065
0.7142857 0.2244898 8 1.858502
0.7142857 0.244898 8 1.879842
0.7142857 0.2653061 8 1.87269
0.7142857 0.2857143 8 1.837512
0.7142857 0.3061224 8 1.77661
0.7142857 0.3265306 8 1.693968
0.7142857 0.3469388 8 1.594991
0.7142857 0.3673469 8 1.486153
0.7142857 0.3877551 8 1.374574
0.7142857 0.4081633 8 1.267551
0.7142857 0.4285714 8 1.172086
0.7142857 0.4489796 8 1.094422
0.7142857 0.4693878 8 1.03964
0.7142857 0.4897959 8 1.011323
0.7142857 0.5102041 8 1.011323
0.7142857 0.5306122 8 1.03964
0.7142857 0.5510204 8 1.094422
0.7142857 0.5714286 8 1.172086
0.7142857 0.5918367 8 1.267551
0.7142857 0.6122449 8 1.374574
0.7142857 0.6326531 8 1.486153
0.7142857 0.6530612 8 1.594991
0.7142857 0.6734694 8 1.693968
0.7142857 0.6938776 8 1.77661
0.7142857 0.7142857 8 1.837512
0.7142857 0.7346939 8 1.87269
0.7142857 0.755102 8 1.879842
0.7142857 0.7755102 8 1.858502
0.7142857 0.7959184 8 1.810065
0.7142857 0.8163265 8 1.737699
0.7142857 0.8367347 8 1.646137
0.7142857 0.8571429 8 1.54137
0.7142857 0.877551 8 1.430249
0.7142857 0.8979592 8 1.320043
0.7142857 0.9183673 8 1.217961
0.7142857 0.9387755 8 1.13068
0.7142857 0.9591837 8 1.063908
0.7142857 0.9795918 8 1.022015
0.7142857 1 8 1.007739
0.7346939 0 8 1.087472
0.7346939 0.02040816 8 1.101747
0.7346939 0.04081633 8 1.143641
0.7346939 0.06122449 8 1.210412
0.7346939 0.08163265 8 1.297693
0.7346939 0.1020408 8 1.399775
0.7346939 0.122449 8 1.509981
0.7346939 0.1428571 8 1.621102
0.7346939 0.1632653 8 1.72587
0.7346939 0.1836735 8 1.817431
0.7346939 0.2040816 8 1.889797
0.7346939 0.2244898 8 1.938235
0.7346939 0.244898 8 1.959575
0.7346939 0.2653061 8 1.952422
0.7346939 0.2857143 8 1.917245
0.7346939 0.3061224 8 1.856343
0.7346939 0.3265306 8 1.773701
0.7346939 0.3469388 8 1.674724
0.7346939 0.3673469 8 1.565886
0.7346939 0.3877551 8 1.454306
0.7346939 0.4081633 8 1.347284
0.7346939 0.4285714 8 1.251818
0.7346939 0.4489796 8 1.174155
0.7346939 0.4693878 8 1.119373
0.7346939 0.4897959 8 1.091055
0.7346939 0.5102041 8 1.091055
0.7346939 0.5306122 8 1.119373
0.7346939 0.5510204 8 1.174155
0.7346939 0.5714286 8 1.251818
0.7346939 0.5918367 8 1.347284
0.7346939 0.6122449 8 1.454306
0.7346939 0.6326531 8 1.565886
0.7346939 0.6530612 8 1.674724
0.7346939 0.6734694 8 1.773701
0.7346939 0.6938776 8 1.856343
0.7346939 0.7142857 8 1.917245
0.7346939 0.7346939 8 1.952422
0.7346939 0.755102 8 1.959575
0.7346939 0.7755102 8 1.938235
0.7346939 0.7959184 8 1.889797
0.7346939 0.8163265 8 1.817431
0.7346939 0.8367347 8 1.72587
0.7346939 0.8571429 8 1.621102
0.7346939 0.877551 8 1.509981
0.7346939 0.8979592 8 1.399775
0.7346939 0.9183673 8 1.297693
0.7346939 0.9387755 8 1.210412
0.7346939 0.9591837 8 1.143641
0.7346939 0.9795918 8 1.101747
0.7346939 1 8 1.087472
0.755102 0 8 1.103684
0.755102 0.02040816 8 1.117959
0.755102 0.04081633 8 1.159853
0.755102 0.06122449 8 1.226624
0.755102 0.08163265 8 1.313905
0.755102 0.1020408 8 1.415987
0.755102 0.122449 8 1.526193
0.755102 0.1428571 8 1.637314
0.755102 0.1632653 8 1.742082
0.755102 0.1836735 8 1.833643
0.755102 0.2040816 8 1.906009
0.755102 0.2244898 8 1.954447
0.755102 0.244898 8 1.975787
0.755102 0.2653061 8 1.968634
0.755102 0.2857143 8 1.933457
0.755102 0.3061224 8 1.872555
0.755102 0.3265306 8 1.789913
0.755102 0.3469388 8 1.690936
0.755102 0.3673469 8 1.582098
0.755102 0.3877551 8 1.470518
0.755102 0.4081633 8 1.363496
0.755102 0.4285714 8 1.26803
0.755102 0.4489796 8 1.190367
0.755102 0.4693878 8 1.135584
0.755102 0.4897959 8 1.107267
0.755102 0.5102041 8 1.107267
0.755102 0.5306122 8 1.135584
0.755102 0.5510204 8 1.190367
0.755102 0.5714286 8 1.26803
0.755102 0.5918367 8 1.363496
0.755102 0.6122449 8 1.470518
0.755102 0.6326531 8 1.582098
0.755102 0.6530612 8 1.690936
0.755102 0.6734694 8 1.789913
0.755102 0.6938776 8 1.872555
0.755102 0.7142857 8 1.933457
0.755102 0.7346939 8 1.968634
0.755102 0.755102 8 1.975787
0.755102 0.7755102 8 1.954447
0.755102 0.7959184 8 1.906009
0.755102 0.8163265 8 1.833643
0.755102 0.8367347 8 1.742082
0.755102 0.8571429 8 1.637314
0.755102 0.877551 8 1.526193
0.755102 0.8979592 8 1.415987
0.755102 0.9183673 8 1.313905
0.755102 0.9387755 8 1.226624
0.755102 0.9591837 8 1.159853
0.755102 0.9795918 8 1.117959
0.755102 1 8 1.103684
0.7755102 0 8 1.055314
0.7755102 0.02040816 8 1.06959
0.7755102 0.04081633 8 1.111484
0.7755102 0.06122449 8 1.178255
0.7755102 0.08163265 8 1.265536
0.7755102 0.1020408 8 1.367618
0.7755102 0.122449 8 1.477824
0.7755102 0.1428571 8 1.588945
0.7755102 0.1632653 8 1.693712
0.7755102 0.1836735 8 1.785274
0.7755102 0.2040816 8 1.85764
0.7755102 0.2244898 8 1.906077
0.7755102 0.244898 8 1.927418
0.7755102 0.2653061 8 1.920265
0.7755102 0.2857143 8 1.885087
0.7755102 0.3061224 8 1.824186
0.7755102 0.3265306 8 1.741543
0.7755102 0.3469388 8 1.642566
0.7755102 0.3673469 8 1.533728
0.7755102 0.3877551 8 1.422149
0.7755102 0.4081633 8 1.315126
0.7755102 0.4285714 8 1.219661
0.7755102 0.4489796 8 1.141997
0.7755102 0.4693878 8 1.087215
0.7755102 0.4897959 8 1.058898
0.7755102 0.5102041 8 1.058898
0.7755102 0.5306122 8 1.087215
0.7755102 0.5510204 8 1.141997
0.7755102 0.5714286 8 1.219661
0.7755102 0.5918367 8 1.315126
0.7755102 0.6122449 8 1.422149
0.7755102 0.6326531 8 1.533728
0.7755102 0.6530612 8 1.642566
0.7755102 0.6734694 8 1.741543
0.7755102 0.6938776 8 1.824186
0.7755102 0.7142857 8 1.885087
0.7755102 0.7346939 8 1.920265
0.7755102 0.755102 8 1.927418
0.7755102 0.7755102 8 1.906077
0.7755102 0.7959184 8 1.85764
0.7755102 0.8163265 8 1.785274
0.7755102 0.8367347 8 1.693712
0.7755102 0.8571429 8 1.588945
0.7755102 0.877551 8 1.477824
0.7755102 0.8979592 8 1.367618
0.7755102 0.9183673 8 1.265536
0.7755102 0.9387755 8 1.178255
0.7755102 0.9591837 8 1.111484
0.7755102 0.9795918 8 1.06959
0.7755102 1 8 1.055314
0.7959184 0 8 0.9455274
0.7959184 0.02040816 8 0.9598032
0.7959184 0.04081633 8 1.001697
0.7959184 0.06122449 8 1.068468
0.7959184 0.08163265 8 1.155749
0.7959184 0.1020408 8 1.257831
0.7959184 0.122449 8 1.368037
0.7959184 0.1428571 8 1.479158
0.7959184 0.1632653 8 1.583926
0.7959184 0.1836735 8 1.675487
0.7959184 0.2040816 8 1.747853
0.7959184 0.2244898 8 1.79629
0.7959184 0.244898 8 1.817631
0.7959184 0.2653061 8 1.810478
0.7959184 0.2857143 8 1.775301
0.7959184 0.3061224 8 1.714399
0.7959184 0.3265306 8 1.631757
0.7959184 0.3469388 8 1.532779
0.7959184 0.3673469 8 1.423942
0.7959184 0.3877551 8 1.312362
0.7959184 0.4081633 8 1.20534
0.7959184 0.4285714 8 1.109874
0.7959184 0.4489796 8 1.03221
0.7959184 0.4693878 8 0.9774283
0.7959184 0.4897959 8 0.9491111
0.7959184 0.5102041 8 0.9491111
0.7959184 0.5306122 8 0.9774283
0.7959184 0.5510204 8 1.03221
0.7959184 0.5714286 8 1.109874
0.7959184 0.5918367 8 1.20534
0.7959184 0.6122449 8 1.312362
0.7959184 0.6326531 8 1.423942
0.7959184 0.6530612 8 1.532779
0.7959184 0.6734694 8 1.631757
0.7959184 0.6938776 8 1.714399
0.7959184 0.7142857 8 1.775301
0.7959184 0.7346939 8 1.810478
0.7959184 0.755102 8 1.817631
0.7959184 0.7755102 8 1.79629
0.7959184 0.7959184 8 1.747853
0.7959184 0.8163265 8 1.675487
0.7959184 0.8367347 8 1.583926
0.7959184 0.8571429 8 1.479158
0.7959184 0.877551 8 1.368037
0.7959184 0.8979592 8 1.257831
0.7959184 0.9183673 8 1.155749
0.7959184 0.9387755 8 1.068468
0.7959184 0.9591837 8 1.001697
0.7959184 0.9795918 8 0.9598032
0.7959184 1 8 0.9455274
0.8163265 0 8 0.7815045
0.8163265 0.02040816 8 0.7957803
0.8163265 0.04081633 8 0.8376739
0.8163265 0.06122449 8 0.904445
0.8163265 0.08163265 8 0.9917262
0.8163265 0.1020408 8 1.093808
0.8163265 0.122449 8 1.204014
0.8163265 0.1428571 8 1.315135
0.8163265 0.1632653 8 1.419903
0.8163265 0.1836735 8 1.511464
0.8163265 0.2040816 8 1.58383
0.8163265 0.2244898 8 1.632268
0.8163265 0.244898 8 1.653608
0.8163265 0.2653061 8 1.646455
0.8163265 0.2857143 8 1.611278
0.8163265 0.3061224 8 1.550376
0.8163265 0.3265306 8 1.467734
0.8163265 0.3469388 8 1.368756
0.8163265 0.3673469 8 1.259919
0.8163265 0.3877551 8 1.148339
0.8163265 0.4081633 8 1.041317
0.8163265 0.4285714 8 0.9458512
0.8163265 0.4489796 8 0.8681874
0.8163265 0.4693878 8 0.8134053
0.8163265 0.4897959 8 0.7850881
0.8163265 0.5102041 8 0.7850881
0.8163265 0.5306122 8 0.8134053
0.8163265 0.5510204 8 0.8681874
0.8163265 0.5714286 8 0.9458512
0.8163265 0.5918367 8 1.041317
0.8163265 0.6122449 8 1.148339
0.8163265 0.6326531 8 1.259919
0.8163265 0.6530612 8 1.368756
0.8163265 0.6734694 8 1.467734
0.8163265 0.6938776 8 1.550376
0.8163265 0.7142857 8 1.611278
0.8163265 0.7346939 8 1.646455
0.8163265 0.755102 8 1.653608
0.8163265 0.7755102 8 1.632268
0.8163265 0.7959184 8 1.58383
0.8163265 0.8163265 8 1.511464
0.8163265 0.8367347 8 1.419903
0.8163265 0.8571429 8 1.315135
0.8163265 0.877551 8 1.204014
0.8163265 0.8979592 8 1.093808
0.8163265 0.9183673 8 0.9917262
0.8163265 0.9387755 8 0.904445
0.8163265 0.9591837 8 0.8376739
0.8163265 0.9795918 8 0.7957803
0.8163265 1 8 0.7815045
0.8367347 0 8 0.5739741
0.8367347 0.02040816 8 0.5882499
0.8367347 0.04081633 8 0.6301435
0.8367347 0.06122449 8 0.6969147
0.8367347 0.08163265 8 0.7841958
0.8367347 0.1020408 8 0.8862779
0.8367347 0.122449 8 0.9964837
0.8367347 0.1428571 8 1.107605
0.8367347 0.1632653 8 1.212372
0.8367347 0.1836735 8 1.303934
0.8367347 0.2040816 8 1.3763
0.8367347 0.2244898 8 1.424737
0.8367347 0.244898 8 1.446077
0.8367347 0.2653061 8 1.438925
0.8367347 0.2857143 8 1.403747
0.8367347 0.3061224 8 1.342845
0.8367347 0.3265306 8 1.260203
0.8367347 0.3469388 8 1.161226
0.8367347 0.3673469 8 1.052388
0.8367347 0.3877551 8 0.9408088
0.8367347 0.4081633 8 0.8337862
0.8367347 0.4285714 8 0.7383209
0.8367347 0.4489796 8 0.6606571
0.8367347 0.4693878 8 0.605875
0.8367347 0.4897959 8 0.5775578
0.8367347 0.5102041 8 0.5775578
0.8367347 0.5306122 8 0.605875
0.8367347 0.5510204 8 0.6606571
0.8367347 0.5714286 8 0.7383209
0.8367347 0.5918367 8 0.8337862
0.8367347 0.6122449 8 0.9408088
0.8367347 0.6326531 8 1.052388
0.8367347 0.6530612 8 1.161226
0.8367347 0.6734694 8 1.260203
0.8367347 0.6938776 8 1.342845
0.8367347 0.7142857 8 1.403747
0.8367347 0.7346939 8 1.438925
0.8367347 0.755102 8 1.446077
0.8367347 0.7755102 8 1.424737
0.8367347 0.7959184 8 1.3763
0.8367347 0.8163265 8 1.303934
0.8367347 0.8367347 8 1.212372
0.8367347 0.8571429 8 1.107605
0.8367347 0.877551 8 0.9964837
0.8367347 0.8979592 8 0.8862779
0.8367347 0.9183673 8 0.7841958
0.8367347 0.9387755 8 0.6969147
0.8367347 0.9591837 8 0.6301435
0.8367347 0.9795918 8 0.5882499
0.8367347 1 8 0.5739741
0.8571429 0 8 0.336511
0.8571429 0.02040816 8 0.3507868
0.8571429 0.04081633 8 0.3926804
0.8571429 0.06122449 8 0.4594515
0.8571429 0.08163265 8 0.5467327
0.8571429 0.1020408 8 0.6488147
0.8571429 0.122449 8 0.7590205
0.8571429 0.1428571 8 0.8701415
0.8571429 0.1632653 8 0.9749091
0.8571429 0.1836735 8 1.06647
0.8571429 0.2040816 8 1.138837
0.8571429 0.2244898 8 1.187274
0.8571429 0.244898 8 1.208614
0.8571429 0.2653061 8 1.201462
0.8571429 0.2857143 8 1.166284
0.8571429 0.3061224 8 1.105382
0.8571429 0.3265306 8 1.02274
0.8571429 0.3469388 8 0.9237629
0.8571429 0.3673469 8 0.8149251
0.8571429 0.3877551 8 0.7033457
0.8571429 0.4081633 8 0.5963231
0.8571429 0.4285714 8 0.5008577
0.8571429 0.4489796 8 0.4231939
0.8571429 0.4693878 8 0.3684118
0.8571429 0.4897959 8 0.3400946
0.8571429 0.5102041 8 0.3400946
0.8571429 0.5306122 8 0.3684118
0.8571429 0.5510204 8 0.4231939
0.8571429 0.5714286 8 0.5008577
0.8571429 0.5918367 8 0.5963231
0.8571429 0.6122449 8 0.7033457
0.8571429 0.6326531 8 0.8149251
0.8571429 0.6530612 8 0.9237629
0.8571429 0.6734694 8 1.02274
0.8571429 0.6938776 8 1.105382
0.8571429 0.7142857 8 1.166284
0.8571429 0.7346939 8 1.201462
0.8571429 0.755102 8 1.208614
0.8571429 0.7755102 8 1.187274
0.8571429 0.7959184 8 1.138837
0.8571429 0.8163265 8 1.06647
0.8571429 0.8367347 8 0.9749091
0.8571429 0.8571429 8 0.8701415
0.8571429 0.877551 8 0.7590205
0.8571429 0.8979592 8 0.6488147
0.8571429 0.9183673 8 0.5467327
0.8571429 0.9387755 8 0.4594515
0.8571429 0.9591837 8 0.3926804
0.8571429 0.9795918 8 0.3507868
0.8571429 1 8 0.336511
0.877551 0 8 0.08464755
0.877551 0.02040816 8 0.09892335
0.877551 0.04081633 8 0.1408169
0.877551 0.06122449 8 0.2075881
0.877551 0.08163265 8 0.2948692
0.877551 0.1020408 8 0.3969513
0.877551 0.122449 8 0.5071571
0.877551 0.1428571 8 0.6182781
0.877551 0.1632653 8 0.7230457
0.877551 0.1836735 8 0.8146071
0.877551 0.2040816 8 0.8869732
0.877551 0.2244898 8 0.9354106
0.877551 0.244898 8 0.9567509
0.877551 0.2653061 8 0.9495983
0.877551 0.2857143 8 0.9144207
0.877551 0.3061224 8 0.8535189
0.877551 0.3265306 8 0.7708766
0.877551 0.3469388 8 0.6718995
0.877551 0.3673469 8 0.5630617
0.877551 0.3877551 8 0.4514823
0.877551 0.4081633 8 0.3444597
0.877551 0.4285714 8 0.2489943
0.877551 0.4489796 8 0.1713305
0.877551 0.4693878 8 0.1165484
0.877551 0.4897959 8 0.08823121
0.877551 0.5102041 8 0.08823121
0.877551 0.5306122 8 0.1165484
0.877551 0.5510204 8 0.1713305
0.877551 0.5714286 8 0.2489943
0.877551 0.5918367 8 0.3444597
0.877551 0.6122449 8 0.4514823
0.877551 0.6326531 8 0.5630617
0.877551 0.6530612 8 0.6718995
0.877551 0.6734694 8 0.7708766
0.877551 0.6938776 8 0.8535189
0.877551 0.7142857 8 0.9144207
0.877551 0.7346939 8 0.9495983
0.877551 0.755102 8 0.9567509
0.877551 0.7755102 8 0.9354106
0.877551 0.7959184 8 0.8869732
0.877551 0.8163265 8 0.8146071
0.877551 0.8367347 8 0.7230457
0.877551 0.8571429 8 0.6182781
0.877551 0.877551 8 0.5071571
0.877551 0.8979592 8 0.3969513
0.877551 0.9183673 8 0.2948692
0.877551 0.9387755 8 0.2075881
0.877551 0.9591837 8 0.1408169
0.877551 0.9795918 8 0.09892335
0.877551 1 8 0.08464755
0.8979592 0 8 -0.1651417
0.8979592 0.02040816 8 -0.1508659
0.8979592 0.04081633 8 -0.1089723
0.8979592 0.06122449 8 -0.04220113
0.8979592 0.08163265 8 0.04508002
0.8979592 0.1020408 8 0.1471621
0.8979592 0.122449 8 0.2573679
0.8979592 0.1428571 8 0.3684888
0.8979592 0.1632653 8 0.4732564
0.8979592 0.1836735 8 0.5648178
0.8979592 0.2040816 8 0.637184
0.8979592 0.2244898 8 0.6856214
0.8979592 0.244898 8 0.7069617
0.8979592 0.2653061 8 0.6998091
0.8979592 0.2857143 8 0.6646314
0.8979592 0.3061224 8 0.6037297
0.8979592 0.3265306 8 0.5210874
0.8979592 0.3469388 8 0.4221103
0.8979592 0.3673469 8 0.3132725
0.8979592 0.3877551 8 0.2016931
0.8979592 0.4081633 8 0.09467046
0.8979592 0.4285714 8 -0.0007949308
0.8979592 0.4489796 8 -0.0784587
0.8979592 0.4693878 8 -0.1332408
0.8979592 0.4897959 8 -0.161558
0.8979592 0.5102041 8 -0.161558
0.8979592 0.5306122 8 -0.1332408
0.8979592 0.5510204 8 -0.0784587
0.8979592 0.5714286 8 -0.0007949308
0.8979592 0.5918367 8 0.09467046
0.8979592 0.6122449 8 0.2016931
0.8979592 0.6326531 8 0.3132725
0.8979592 0.6530612 8 0.4221103
0.8979592 0.6734694 8 0.5210874
0.8979592 0.6938776 8 0.6037297
0.8979592 0.7142857 8 0.6646314
0.8979592 0.7346939 8 0.6998091
0.8979592 0.755102 8 0.7069617
0.8979592 0.7755102 8 0.6856214
0.8979592 0.7959184 8 0.637184
0.8979592 0.8163265 8 0.5648178
0.8979592 0.8367347 8 0.4732564
0.8979592 0.8571429 8 0.3684888
0.8979592 0.877551 8 0.2573679
0.8979592 0.8979592 8 0.1471621
0.8979592 0.9183673 8 0.04508002
0.8979592 0.9387755 8 -0.04220113
0.8979592 0.9591837 8 -0.1089723
0.8979592 0.9795918 8 -0.1508659
0.8979592 1 8 -0.1651417
0.9183673 0 8 -0.3965179
0.9183673 0.02040816 8 -0.3822421
0.9183673 0.04081633 8 -0.3403485
0.9183673 0.06122449 8 -0.2735774
0.9183673 0.08163265 8 -0.1862962
0.9183673 0.1020408 8 -0.08421414
0.9183673 0.122449 8 0.02599167
0.9183673 0.1428571 8 0.1371126
0.9183673 0.1632653 8 0.2418802
0.9183673 0.1836735 8 0.3334416
0.9183673 0.2040816 8 0.4058077
0.9183673 0.2244898 8 0.4542451
0.9183673 0.244898 8 0.4755854
0.9183673 0.2653061 8 0.4684329
0.9183673 0.2857143 8 0.4332552
0.9183673 0.3061224 8 0.3723534
0.9183673 0.3265306 8 0.2897112
0.9183673 0.3469388 8 0.1907341
0.9183673 0.3673469 8 0.08189624
0.9183673 0.3877551 8 -0.02968319
0.9183673 0.4081633 8 -0.1367058
0.9183673 0.4285714 8 -0.2321712
0.9183673 0.4489796 8 -0.3098349
0.9183673 0.4693878 8 -0.3646171
0.9183673 0.4897959 8 -0.3929343
0.9183673 0.5102041 8 -0.3929343
0.9183673 0.5306122 8 -0.3646171
0.9183673 0.5510204 8 -0.3098349
0.9183673 0.5714286 8 -0.2321712
0.9183673 0.5918367 8 -0.1367058
0.9183673 0.6122449 8 -0.02968319
0.9183673 0.6326531 8 0.08189624
0.9183673 0.6530612 8 0.1907341
0.9183673 0.6734694 8 0.2897112
0.9183673 0.6938776 8 0.3723534
0.9183673 0.7142857 8 0.4332552
0.9183673 0.7346939 8 0.4684329
0.9183673 0.755102 8 0.4755854
0.9183673 0.7755102 8 0.4542451
0.9183673 0.7959184 8 0.4058077
0.9183673 0.8163265 8 0.3334416
0.9183673 0.8367347 8 0.2418802
0.9183673 0.8571429 8 0.1371126
0.9183673 0.877551 8 0.02599167
0.9183673 0.8979592 8 -0.08421414
0.9183673 0.9183673 8 -0.1862962
0.9183673 0.9387755 8 -0.2735774
0.9183673 0.9591837 8 -0.3403485
0.9183673 0.9795918 8 -0.3822421
0.9183673 1 8 -0.3965179
0.9387755 0 8 -0.5943468
0.9387755 0.02040816 8 -0.580071
0.9387755 0.04081633 8 -0.5381774
0.9387755 0.06122449 8 -0.4714063
0.9387755 0.08163265 8 -0.3841251
0.9387755 0.1020408 8 -0.282043
0.9387755 0.122449 8 -0.1718372
0.9387755 0.1428571 8 -0.0607163
0.9387755 0.1632653 8 0.0440513
0.9387755 0.1836735 8 0.1356127
0.9387755 0.2040816 8 0.2079788
0.9387755 0.2244898 8 0.2564162
0.9387755 0.244898 8 0.2777566
0.9387755 0.2653061 8 0.270604
0.9387755 0.2857143 8 0.2354263
0.9387755 0.3061224 8 0.1745245
0.9387755 0.3265306 8 0.09188227
0.9387755 0.3469388 8 -0.007094827
0.9387755 0.3673469 8 -0.1159326
0.9387755 0.3877551 8 -0.2275121
0.9387755 0.4081633 8 -0.3345347
0.9387755 0.4285714 8 -0.4300001
0.9387755 0.4489796 8 -0.5076638
0.9387755 0.4693878 8 -0.562446
0.9387755 0.4897959 8 -0.5907631
0.9387755 0.5102041 8 -0.5907631
0.9387755 0.5306122 8 -0.562446
0.9387755 0.5510204 8 -0.5076638
0.9387755 0.5714286 8 -0.4300001
0.9387755 0.5918367 8 -0.3345347
0.9387755 0.6122449 8 -0.2275121
0.9387755 0.6326531 8 -0.1159326
0.9387755 0.6530612 8 -0.007094827
0.9387755 0.6734694 8 0.09188227
0.9387755 0.6938776 8 0.1745245
0.9387755 0.7142857 8 0.2354263
0.9387755 0.7346939 8 0.270604
0.9387755 0.755102 8 0.2777566
0.9387755 0.7755102 8 0.2564162
0.9387755 0.7959184 8 0.2079788
0.9387755 0.8163265 8 0.1356127
0.9387755 0.8367347 8 0.0440513
0.9387755 0.8571429 8 -0.0607163
0.9387755 0.877551 8 -0.1718372
0.9387755 0.8979592 8 -0.282043
0.9387755 0.9183673 8 -0.3841251
0.9387755 0.9387755 8 -0.4714063
0.9387755 0.9591837 8 -0.5381774
0.9387755 0.9795918 8 -0.580071
0.9387755 1 8 -0.5943468
0.9591837 0 8 -0.7456883
0.9591837 0.02040816 8 -0.7314125
0.9591837 0.04081633 8 -0.6895189
0.9591837 0.06122449 8 -0.6227478
0.9591837 0.08163265 8 -0.5354666
0.9591837 0.1020408 8 -0.4333845
0.9591837 0.122449 8 -0.3231787
0.9591837 0.1428571 8 -0.2120578
0.9591837 0.1632653 8 -0.1072902
0.9591837 0.1836735 8 -0.01572879
0.9591837 0.2040816 8 0.05663734
0.9591837 0.2244898 8 0.1050747
0.9591837 0.244898 8 0.1264151
0.9591837 0.2653061 8 0.1192625
0.9591837 0.2857143 8 0.0840848
0.9591837 0.3061224 8 0.02318304
0.9591837 0.3265306 8 -0.05945922
0.9591837 0.3469388 8 -0.1584363
0.9591837 0.3673469 8 -0.2672741
0.9591837 0.3877551 8 -0.3788536
0.9591837 0.4081633 8 -0.4858762
0.9591837 0.4285714 8 -0.5813416
0.9591837 0.4489796 8 -0.6590053
0.9591837 0.4693878 8 -0.7137875
0.9591837 0.4897959 8 -0.7421046
0.9591837 0.5102041 8 -0.7421046
0.9591837 0.5306122 8 -0.7137875
0.9591837 0.5510204 8 -0.6590053
0.9591837 0.5714286 8 -0.5813416
0.9591837 0.5918367 8 -0.4858762
0.9591837 0.6122449 8 -0.3788536
0.9591837 0.6326531 8 -0.2672741
0.9591837 0.6530612 8 -0.1584363
0.9591837 0.6734694 8 -0.05945922
0.9591837 0.6938776 8 0.02318304
0.9591837 0.7142857 8 0.0840848
0.9591837 0.7346939 8 0.1192625
0.9591837 0.755102 8 0.1264151
0.9591837 0.7755102 8 0.1050747
0.9591837 0.7959184 8 0.05663734
0.9591837 0.8163265 8 -0.01572879
0.9591837 0.8367347 8 -0.1072902
0.9591837 0.8571429 8 -0.2120578
0.9591837 0.877551 8 -0.3231787
0.9591837 0.8979592 8 -0.4333845
0.9591837 0.9183673 8 -0.5354666
0.9591837 0.9387755 8 -0.6227478
0.9591837 0.9591837 8 -0.6895189
0.9591837 0.9795918 8 -0.7314125
0.9591837 1 8 -0.7456883
0.9795918 0 8 -0.8406431
0.9795918 0.02040816 8 -0.8263673
0.9795918 0.04081633 8 -0.7844737
0.9795918 0.06122449 8 -0.7177026
0.9795918 0.08163265 8 -0.6304214
0.9795918 0.1020408 8 -0.5283393
0.9795918 0.122449 8 -0.4181335
0.9795918 0.1428571 8 -0.3070126
0.9795918 0.1632653 8 -0.202245
0.9795918 0.1836735 8 -0.1106836
0.9795918 0.2040816 8 -0.03831746
0.9795918 0.2244898 8 0.01011993
0.9795918 0.244898 8 0.03146026
0.9795918 0.2653061 8 0.02430767
0.9795918 0.2857143 8 -0.01087
0.9795918 0.3061224 8 -0.07177177
0.9795918 0.3265306 8 -0.154414
0.9795918 0.3469388 8 -0.2533911
0.9795918 0.3673469 8 -0.3622289
0.9795918 0.3877551 8 -0.4738084
0.9795918 0.4081633 8 -0.580831
0.9795918 0.4285714 8 -0.6762964
0.9795918 0.4489796 8 -0.7539601
0.9795918 0.4693878 8 -0.8087423
0.9795918 0.4897959 8 -0.8370594
0.9795918 0.5102041 8 -0.8370594
0.9795918 0.5306122 8 -0.8087423
0.9795918 0.5510204 8 -0.7539601
0.9795918 0.5714286 8 -0.6762964
0.9795918 0.5918367 8 -0.580831
0.9795918 0.6122449 8 -0.4738084
0.9795918 0.6326531 8 -0.3622289
0.9795918 0.6530612 8 -0.2533911
0.9795918 0.6734694 8 -0.154414
0.9795918 0.6938776 8 -0.07177177
0.9795918 0.7142857 8 -0.01087
0.9795918 0.7346939 8 0.02430767
0.9795918 0.755102 8 0.03146026
0.9795918 0.7755102 8 0.01011993
0.9795918 0.7959184 8 -0.03831746
0.9795918 0.8163265 8 -0.1106836
0.9795918 0.8367347 8 -0.202245
0.9795918 0.8571429 8 -0.3070126
0.9795918 0.877551 8 -0.4181335
0.9795918 0.8979592 8 -0.5283393
0.9795918 0.9183673 8 -0.6304214
0.9795918 0.9387755 8 -0.7177026
0.9795918 0.9591837 8 -0.7844737
0.9795918 0.9795918 8 -0.8263673
0.9795918 1 8 -0.8406431
1 0 8 -0.8730002
1 0.02040816 8 -0.8587244
1 0.04081633 8 -0.8168308
1 0.06122449 8 -0.7500597
1 0.08163265 8 -0.6627785
1 0.1020408 8 -0.5606964
1 0.122449 8 -0.4504906
1 0.1428571 8 -0.3393697
1 0.1632653 8 -0.2346021
1 0.1836735 8 -0.1430407
1 0.2040816 8 -0.07067456
1 0.2244898 8 -0.02223717
1 0.244898 8 -0.0008968363
1 0.2653061 8 -0.00804943
1 0.2857143 8 -0.0432271
1 0.3061224 8 -0.1041289
1 0.3265306 8 -0.1867711
1 0.3469388 8 -0.2857482
1 0.3673469 8 -0.394586
1 0.3877551 8 -0.5061655
1 0.4081633 8 -0.6131881
1 0.4285714 8 -0.7086535
1 0.4489796 8 -0.7863172
1 0.4693878 8 -0.8410994
1 0.4897959 8 -0.8694165
1 0.5102041 8 -0.8694165
1 0.5306122 8 -0.8410994
1 0.5510204 8 -0.7863172
1 0.5714286 8 -0.7086535
1 0.5918367 8 -0.6131881
1 0.6122449 8 -0.5061655
1 0.6326531 8 -0.394586
1 0.6530612 8 -0.2857482
1 0.6734694 8 -0.1867711
1 0.6938776 8 -0.1041289
1 0.7142857 8 -0.0432271
1 0.7346939 8 -0.00804943
1 0.755102 8 -0.0008968363
1 0.7755102 8 -0.02223717
1 0.7959184 8 -0.07067456
1 0.8163265 8 -0.1430407
1 0.8367347 8 -0.2346021
1 0.8571429 8 -0.3393697
1 0.877551 8 -0.4504906
1 0.8979592 8 -0.5606964
1 0.9183673 8 -0.6627785
1 0.9387755 8 -0.7500597
1 0.9591837 8 -0.8168308
1 0.9795918 8 -0.8587244
1 1 8 -0.8730002
