0 0 2 -2.496881
0 0.02040816 2 -2.456051
0 0.04081633 2 -2.33623
0 0.06122449 2 -2.145257
0 0.08163265 2 -1.895623
0 0.1020408 2 -1.603656
0 0.122449 2 -1.288455
0 0.1428571 2 -0.9706364
0 0.1632653 2 -0.670989
0 0.1836735 2 -0.4091128
0 0.2040816 2 -0.2021374
0 0.2244898 2 -0.06360087
0 0.244898 2 -0.002565055
0 0.2653061 2 -0.0230223
0 0.2857143 2 -0.1236345
0 0.3061224 2 -0.2978205
0 0.3265306 2 -0.5341869
0 0.3469388 2 -0.8172728
0 0.3673469 2 -1.128561
0 0.3877551 2 -1.447691
0 0.4081633 2 -1.753788
0 0.4285714 2 -2.02683
0 0.4489796 2 -2.248958
0 0.4693878 2 -2.405641
0 0.4897959 2 -2.486631
0 0.5102041 2 -2.486631
0 0.5306122 2 -2.405641
0 0.5510204 2 -2.248958
0 0.5714286 2 -2.02683
0 0.5918367 2 -1.753788
0 0.6122449 2 -1.447691
0 0.6326531 2 -1.128561
0 0.6530612 2 -0.8172728
0 0.6734694 2 -0.5341869
0 0.6938776 2 -0.2978205
0 0.7142857 2 -0.1236345
0 0.7346939 2 -0.0230223
0 0.755102 2 -0.002565055
0 0.7755102 2 -0.06360087
0 0.7959184 2 -0.2021374
0 0.8163265 2 -0.4091128
0 0.8367347 2 -0.670989
0 0.8571429 2 -0.9706364
0 0.877551 2 -1.288455
0 0.8979592 2 -1.603656
0 0.9183673 2 -1.895623
0 0.9387755 2 -2.145257
0 0.9591837 2 -2.33623
0 0.9795918 2 -2.456051
0 1 2 -2.496881
0.02040816 0 2 -2.467142
0.02040816 0.02040816 2 -2.426312
0.02040816 0.04081633 2 -2.306491
0.02040816 0.06122449 2 -2.115518
0.02040816 0.08163265 2 -1.865884
0.02040816 0.1020408 2 -1.573918
0.02040816 0.122449 2 -1.258716
0.02040816 0.1428571 2 -0.9408977
0.02040816 0.1632653 2 -0.6412503
0.02040816 0.1836735 2 -0.3793741
0.02040816 0.2040816 2 -0.1723987
0.02040816 0.2244898 2 -0.03386217
0.02040816 0.244898 2 0.02717364
0.02040816 0.2653061 2 0.006716401
0.02040816 0.2857143 2 -0.09389578
0.02040816 0.3061224 2 -0.2680818
0.02040816 0.3265306 2 -0.5044482
0.02040816 0.3469388 2 -0.7875341
0.02040816 0.3673469 2 -1.098823
0.02040816 0.3877551 2 -1.417953
0.02040816 0.4081633 2 -1.72405
0.02040816 0.4285714 2 -1.997092
0.02040816 0.4489796 2 -2.219219
0.02040816 0.4693878 2 -2.375902
0.02040816 0.4897959 2 -2.456893
0.02040816 0.5102041 2 -2.456893
0.02040816 0.5306122 2 -2.375902
0.02040816 0.5510204 2 -2.219219
0.02040816 0.5714286 2 -1.997092
0.02040816 0.5918367 2 -1.72405
0.02040816 0.6122449 2 -1.417953
0.02040816 0.6326531 2 -1.098823
0.02040816 0.6530612 2 -0.7875341
0.02040816 0.6734694 2 -0.5044482
0.02040816 0.6938776 2 -0.2680818
0.02040816 0.7142857 2 -0.09389578
0.02040816 0.7346939 2 0.006716401
0.02040816 0.755102 2 0.02717364
0.02040816 0.7755102 2 -0.03386217
0.02040816 0.7959184 2 -0.1723987
0.02040816 0.8163265 2 -0.3793741
0.02040816 0.8367347 2 -0.6412503
0.02040816 0.8571429 2 -0.9408977
0.02040816 0.877551 2 -1.258716
0.02040816 0.8979592 2 -1.573918
0.02040816 0.9183673 2 -1.865884
0.02040816 0.9387755 2 -2.115518
0.02040816 0.9591837 2 -2.306491
0.02040816 0.9795918 2 -2.426312
0.02040816 1 2 -2.467142
0.04081633 0 2 -2.379871
0.04081633 0.02040816 2 -2.339041
0.04081633 0.04081633 2 -2.219221
0.04081633 0.06122449 2 -2.028247
0.04081633 0.08163265 2 -1.778613
0.04081633 0.1020408 2 -1.486647
0.04081633 0.122449 2 -1.171445
0.04081633 0.1428571 2 -0.8536268
0.04081633 0.1632653 2 -0.5539794
0.04081633 0.1836735 2 -0.2921033
0.04081633 0.2040816 2 -0.0851278
0.04081633 0.2244898 2 0.0534087
0.04081633 0.244898 2 0.1144445
0.04081633 0.2653061 2 0.09398728
0.04081633 0.2857143 2 -0.006624906
0.04081633 0.3061224 2 -0.180811
0.04081633 0.3265306 2 -0.4171773
0.04081633 0.3469388 2 -0.7002632
0.04081633 0.3673469 2 -1.011552
0.04081633 0.3877551 2 -1.330682
0.04081633 0.4081633 2 -1.636779
0.04081633 0.4285714 2 -1.909821
0.04081633 0.4489796 2 -2.131948
0.04081633 0.4693878 2 -2.288631
0.04081633 0.4897959 2 -2.369622
0.04081633 0.5102041 2 -2.369622
0.04081633 0.5306122 2 -2.288631
0.04081633 0.5510204 2 -2.131948
0.04081633 0.5714286 2 -1.909821
0.04081633 0.5918367 2 -1.636779
0.04081633 0.6122449 2 -1.330682
0.04081633 0.6326531 2 -1.011552
0.04081633 0.6530612 2 -0.7002632
0.04081633 0.6734694 2 -0.4171773
0.04081633 0.6938776 2 -0.180811
0.04081633 0.7142857 2 -0.006624906
0.04081633 0.7346939 2 0.09398728
0.04081633 0.755102 2 0.1144445
0.04081633 0.7755102 2 0.0534087
0.04081633 0.7959184 2 -0.0851278
0.04081633 0.8163265 2 -0.2921033
0.04081633 0.8367347 2 -0.5539794
0.04081633 0.8571429 2 -0.8536268
0.04081633 0.877551 2 -1.171445
0.04081633 0.8979592 2 -1.486647
0.04081633 0.9183673 2 -1.778613
0.04081633 0.9387755 2 -2.028247
0.04081633 0.9591837 2 -2.219221
0.04081633 0.9795918 2 -2.339041
0.04081633 1 2 -2.379871
0.06122449 0 2 -2.240777
0.06122449 0.02040816 2 -2.199946
0.06122449 0.04081633 2 -2.080126
0.06122449 0.06122449 2 -1.889153
0.06122449 0.08163265 2 -1.639519
0.06122449 0.1020408 2 -1.347552
0.06122449 0.122449 2 -1.032351
0.06122449 0.1428571 2 -0.7145322
0.06122449 0.1632653 2 -0.4148848
0.06122449 0.1836735 2 -0.1530086
0.06122449 0.2040816 2 0.05396684
0.06122449 0.2244898 2 0.1925033
0.06122449 0.244898 2 0.2535392
0.06122449 0.2653061 2 0.2330819
0.06122449 0.2857143 2 0.1324697
0.06122449 0.3061224 2 -0.04171632
0.06122449 0.3265306 2 -0.2780827
0.06122449 0.3469388 2 -0.5611686
0.06122449 0.3673469 2 -0.8724573
0.06122449 0.3877551 2 -1.191587
0.06122449 0.4081633 2 -1.497684
0.06122449 0.4285714 2 -1.770726
0.06122449 0.4489796 2 -1.992854
0.06122449 0.4693878 2 -2.149537
0.06122449 0.4897959 2 -2.230527
0.06122449 0.5102041 2 -2.230527
0.06122449 0.5306122 2 -2.149537
0.06122449 0.5510204 2 -1.992854
0.06122449 0.5714286 2 -1.770726
0.06122449 0.5918367 2 -1.497684
0.06122449 0.6122449 2 -1.191587
0.06122449 0.6326531 2 -0.8724573
0.06122449 0.6530612 2 -0.5611686
0.06122449 0.6734694 2 -0.2780827
0.06122449 0.6938776 2 -0.04171632
0.06122449 0.7142857 2 0.1324697
0.06122449 0.7346939 2 0.2330819
0.06122449 0.755102 2 0.2535392
0.06122449 0.7755102 2 0.1925033
0.06122449 0.7959184 2 0.05396684
0.06122449 0.8163265 2 -0.1530086
0.06122449 0.8367347 2 -0.4148848
0.06122449 0.8571429 2 -0.7145322
0.06122449 0.877551 2 -1.032351
0.06122449 0.8979592 2 -1.347552
0.06122449 0.9183673 2 -1.639519
0.06122449 0.9387755 2 -1.889153
0.06122449 0.9591837 2 -2.080126
0.06122449 0.9795918 2 -2.199946
0.06122449 1 2 -2.240777
0.08163265 0 2 -2.058957
0.08163265 0.02040816 2 -2.018126
0.08163265 0.04081633 2 -1.898306
0.08163265 0.06122449 2 -1.707333
0.08163265 0.08163265 2 -1.457698
0.08163265 0.1020408 2 -1.165732
0.08163265 0.122449 2 -0.8505306
0.08163265 0.1428571 2 -0.532712
0.08163265 0.1632653 2 -0.2330646
0.08163265 0.1836735 2 0.02881155
0.08163265 0.2040816 2 0.235787
0.08163265 0.2244898 2 0.3743235
0.08163265 0.244898 2 0.4353593
0.08163265 0.2653061 2 0.4149021
0.08163265 0.2857143 2 0.3142899
0.08163265 0.3061224 2 0.1401039
0.08163265 0.3265306 2 -0.0962625
0.08163265 0.3469388 2 -0.3793484
0.08163265 0.3673469 2 -0.6906371
0.08163265 0.3877551 2 -1.009767
0.08163265 0.4081633 2 -1.315864
0.08163265 0.4285714 2 -1.588906
0.08163265 0.4489796 2 -1.811033
0.08163265 0.4693878 2 -1.967717
0.08163265 0.4897959 2 -2.048707
0.08163265 0.5102041 2 -2.048707
0.08163265 0.5306122 2 -1.967717
0.08163265 0.5510204 2 -1.811033
0.08163265 0.5714286 2 -1.588906
0.08163265 0.5918367 2 -1.315864
0.08163265 0.6122449 2 -1.009767
0.08163265 0.6326531 2 -0.6906371
0.08163265 0.6530612 2 -0.3793484
0.08163265 0.6734694 2 -0.0962625
0.08163265 0.6938776 2 0.1401039
0.08163265 0.7142857 2 0.3142899
0.08163265 0.7346939 2 0.4149021
0.08163265 0.755102 2 0.4353593
0.08163265 0.7755102 2 0.3743235
0.08163265 0.7959184 2 0.235787
0.08163265 0.8163265 2 0.02881155
0.08163265 0.8367347 2 -0.2330646
0.08163265 0.8571429 2 -0.532712
0.08163265 0.877551 2 -0.8505306
0.08163265 0.8979592 2 -1.165732
0.08163265 0.9183673 2 -1.457698
0.08163265 0.9387755 2 -1.707333
0.08163265 0.9591837 2 -1.898306
0.08163265 0.9795918 2 -2.018126
0.08163265 1 2 -2.058957
0.1020408 0 2 -1.846304
0.1020408 0.02040816 2 -1.805473
0.1020408 0.04081633 2 -1.685653
0.1020408 0.06122449 2 -1.49468
0.1020408 0.08163265 2 -1.245046
0.1020408 0.1020408 2 -0.9530791
0.1020408 0.122449 2 -0.6378778
0.1020408 0.1428571 2 -0.3200591
0.1020408 0.1632653 2 -0.02041175
0.1020408 0.1836735 2 0.2414644
0.1020408 0.2040816 2 0.4484399
0.1020408 0.2244898 2 0.5869764
0.1020408 0.244898 2 0.6480122
0.1020408 0.2653061 2 0.6275549
0.1020408 0.2857143 2 0.5269427
0.1020408 0.3061224 2 0.3527567
0.1020408 0.3265306 2 0.1163903
0.1020408 0.3469388 2 -0.1666956
0.1020408 0.3673469 2 -0.4779842
0.1020408 0.3877551 2 -0.7971143
0.1020408 0.4081633 2 -1.103211
0.1020408 0.4285714 2 -1.376253
0.1020408 0.4489796 2 -1.598381
0.1020408 0.4693878 2 -1.755064
0.1020408 0.4897959 2 -1.836054
0.1020408 0.5102041 2 -1.836054
0.1020408 0.5306122 2 -1.755064
0.1020408 0.5510204 2 -1.598381
0.1020408 0.5714286 2 -1.376253
0.1020408 0.5918367 2 -1.103211
0.1020408 0.6122449 2 -0.7971143
0.1020408 0.6326531 2 -0.4779842
0.1020408 0.6530612 2 -0.1666956
0.1020408 0.6734694 2 0.1163903
0.1020408 0.6938776 2 0.3527567
0.1020408 0.7142857 2 0.5269427
0.1020408 0.7346939 2 0.6275549
0.1020408 0.755102 2 0.6480122
0.1020408 0.7755102 2 0.5869764
0.1020408 0.7959184 2 0.4484399
0.1020408 0.8163265 2 0.2414644
0.1020408 0.8367347 2 -0.02041175
0.1020408 0.8571429 2 -0.3200591
0.1020408 0.877551 2 -0.6378778
0.1020408 0.8979592 2 -0.9530791
0.1020408 0.9183673 2 -1.245046
0.1020408 0.9387755 2 -1.49468
0.1020408 0.9591837 2 -1.685653
0.1020408 0.9795918 2 -1.805473
0.1020408 1 2 -1.846304
0.122449 0 2 -1.616728
0.122449 0.02040816 2 -1.575898
0.122449 0.04081633 2 -1.456077
0.122449 0.06122449 2 -1.265104
0.122449 0.08163265 2 -1.01547
0.122449 0.1020408 2 -0.7235033
0.122449 0.122449 2 -0.408302
0.122449 0.1428571 2 -0.09048335
0.122449 0.1632653 2 0.209164
0.122449 0.1836735 2 0.4710402
0.122449 0.2040816 2 0.6780156
0.122449 0.2244898 2 0.8165521
0.122449 0.244898 2 0.877588
0.122449 0.2653061 2 0.8571307
0.122449 0.2857143 2 0.7565185
0.122449 0.3061224 2 0.5823325
0.122449 0.3265306 2 0.3459661
0.122449 0.3469388 2 0.06288022
0.122449 0.3673469 2 -0.2484085
0.122449 0.3877551 2 -0.5675385
0.122449 0.4081633 2 -0.8736354
0.122449 0.4285714 2 -1.146677
0.122449 0.4489796 2 -1.368805
0.122449 0.4693878 2 -1.525488
0.122449 0.4897959 2 -1.606478
0.122449 0.5102041 2 -1.606478
0.122449 0.5306122 2 -1.525488
0.122449 0.5510204 2 -1.368805
0.122449 0.5714286 2 -1.146677
0.122449 0.5918367 2 -0.8736354
0.122449 0.6122449 2 -0.5675385
0.122449 0.6326531 2 -0.2484085
0.122449 0.6530612 2 0.06288022
0.122449 0.6734694 2 0.3459661
0.122449 0.6938776 2 0.5823325
0.122449 0.7142857 2 0.7565185
0.122449 0.7346939 2 0.8571307
0.122449 0.755102 2 0.877588
0.122449 0.7755102 2 0.8165521
0.122449 0.7959184 2 0.6780156
0.122449 0.8163265 2 0.4710402
0.122449 0.8367347 2 0.209164
0.122449 0.8571429 2 -0.09048335
0.122449 0.877551 2 -0.408302
0.122449 0.8979592 2 -0.7235033
0.122449 0.9183673 2 -1.01547
0.122449 0.9387755 2 -1.265104
0.122449 0.9591837 2 -1.456077
0.122449 0.9795918 2 -1.575898
0.122449 1 2 -1.616728
0.1428571 0 2 -1.385246
0.1428571 0.02040816 2 -1.344415
0.1428571 0.04081633 2 -1.224595
0.1428571 0.06122449 2 -1.033622
0.1428571 0.08163265 2 -0.7839877
0.1428571 0.1020408 2 -0.4920211
0.1428571 0.122449 2 -0.1768199
0.1428571 0.1428571 2 0.1409988
0.1428571 0.1632653 2 0.4406462
0.1428571 0.1836735 2 0.7025223
0.1428571 0.2040816 2 0.9094978
0.1428571 0.2244898 2 1.048034
0.1428571 0.244898 2 1.10907
0.1428571 0.2653061 2 1.088613
0.1428571 0.2857143 2 0.9880007
0.1428571 0.3061224 2 0.8138146
0.1428571 0.3265306 2 0.5774482
0.1428571 0.3469388 2 0.2943624
0.1428571 0.3673469 2 -0.01692633
0.1428571 0.3877551 2 -0.3360563
0.1428571 0.4081633 2 -0.6421533
0.1428571 0.4285714 2 -0.9151953
0.1428571 0.4489796 2 -1.137323
0.1428571 0.4693878 2 -1.294006
0.1428571 0.4897959 2 -1.374996
0.1428571 0.5102041 2 -1.374996
0.1428571 0.5306122 2 -1.294006
0.1428571 0.5510204 2 -1.137323
0.1428571 0.5714286 2 -0.9151953
0.1428571 0.5918367 2 -0.6421533
0.1428571 0.6122449 2 -0.3360563
0.1428571 0.6326531 2 -0.01692633
0.1428571 0.6530612 2 0.2943624
0.1428571 0.6734694 2 0.5774482
0.1428571 0.6938776 2 0.8138146
0.1428571 0.7142857 2 0.9880007
0.1428571 0.7346939 2 1.088613
0.1428571 0.755102 2 1.10907
0.1428571 0.7755102 2 1.048034
0.1428571 0.7959184 2 0.9094978
0.1428571 0.8163265 2 0.7025223
0.1428571 0.8367347 2 0.4406462
0.1428571 0.8571429 2 0.1409988
0.1428571 0.877551 2 -0.1768199
0.1428571 0.8979592 2 -0.4920211
0.1428571 0.9183673 2 -0.7839877
0.1428571 0.9387755 2 -1.033622
0.1428571 0.9591837 2 -1.224595
0.1428571 0.9795918 2 -1.344415
0.1428571 1 2 -1.385246
0.1632653 0 2 -1.166999
0.1632653 0.02040816 2 -1.126168
0.1632653 0.04081633 2 -1.006348
0.1632653 0.06122449 2 -0.8153746
0.1632653 0.08163265 2 -0.5657405
0.1632653 0.1020408 2 -0.273774
0.1632653 0.122449 2 0.04142731
0.1632653 0.1428571 2 0.3592459
0.1632653 0.1632653 2 0.6588933
0.1632653 0.1836735 2 0.9207695
0.1632653 0.2040816 2 1.127745
0.1632653 0.2244898 2 1.266281
0.1632653 0.244898 2 1.327317
0.1632653 0.2653061 2 1.30686
0.1632653 0.2857143 2 1.206248
0.1632653 0.3061224 2 1.032062
0.1632653 0.3265306 2 0.7956954
0.1632653 0.3469388 2 0.5126095
0.1632653 0.3673469 2 0.2013208
0.1632653 0.3877551 2 -0.1178092
0.1632653 0.4081633 2 -0.4239061
0.1632653 0.4285714 2 -0.6969481
0.1632653 0.4489796 2 -0.9190754
0.1632653 0.4693878 2 -1.075759
0.1632653 0.4897959 2 -1.156749
0.1632653 0.5102041 2 -1.156749
0.1632653 0.5306122 2 -1.075759
0.1632653 0.5510204 2 -0.9190754
0.1632653 0.5714286 2 -0.6969481
0.1632653 0.5918367 2 -0.4239061
0.1632653 0.6122449 2 -0.1178092
0.1632653 0.6326531 2 0.2013208
0.1632653 0.6530612 2 0.5126095
0.1632653 0.6734694 2 0.7956954
0.1632653 0.6938776 2 1.032062
0.1632653 0.7142857 2 1.206248
0.1632653 0.7346939 2 1.30686
0.1632653 0.755102 2 1.327317
0.1632653 0.7755102 2 1.266281
0.1632653 0.7959184 2 1.127745
0.1632653 0.8163265 2 0.9207695
0.1632653 0.8367347 2 0.6588933
0.1632653 0.8571429 2 0.3592459
0.1632653 0.877551 2 0.04142731
0.1632653 0.8979592 2 -0.273774
0.1632653 0.9183673 2 -0.5657405
0.1632653 0.9387755 2 -0.8153746
0.1632653 0.9591837 2 -1.006348
0.1632653 0.9795918 2 -1.126168
0.1632653 1 2 -1.166999
0.1836735 0 2 -0.9762621
0.1836735 0.02040816 2 -0.9354317
0.1836735 0.04081633 2 -0.8156112
0.1836735 0.06122449 2 -0.624638
0.1836735 0.08163265 2 -0.3750039
0.1836735 0.1020408 2 -0.08303738
0.1836735 0.122449 2 0.2321639
0.1836735 0.1428571 2 0.5499825
0.1836735 0.1632653 2 0.8496299
0.1836735 0.1836735 2 1.111506
0.1836735 0.2040816 2 1.318482
0.1836735 0.2244898 2 1.457018
0.1836735 0.244898 2 1.518054
0.1836735 0.2653061 2 1.497597
0.1836735 0.2857143 2 1.396984
0.1836735 0.3061224 2 1.222798
0.1836735 0.3265306 2 0.986432
0.1836735 0.3469388 2 0.7033461
0.1836735 0.3673469 2 0.3920574
0.1836735 0.3877551 2 0.07292741
0.1836735 0.4081633 2 -0.2331695
0.1836735 0.4285714 2 -0.5062115
0.1836735 0.4489796 2 -0.7283388
0.1836735 0.4693878 2 -0.885022
0.1836735 0.4897959 2 -0.9660124
0.1836735 0.5102041 2 -0.9660124
0.1836735 0.5306122 2 -0.885022
0.1836735 0.5510204 2 -0.7283388
0.1836735 0.5714286 2 -0.5062115
0.1836735 0.5918367 2 -0.2331695
0.1836735 0.6122449 2 0.07292741
0.1836735 0.6326531 2 0.3920574
0.1836735 0.6530612 2 0.7033461
0.1836735 0.6734694 2 0.986432
0.1836735 0.6938776 2 1.222798
0.1836735 0.7142857 2 1.396984
0.1836735 0.7346939 2 1.497597
0.1836735 0.755102 2 1.518054
0.1836735 0.7755102 2 1.457018
0.1836735 0.7959184 2 1.318482
0.1836735 0.8163265 2 1.111506
0.1836735 0.8367347 2 0.8496299
0.1836735 0.8571429 2 0.5499825
0.1836735 0.877551 2 0.2321639
0.1836735 0.8979592 2 -0.08303738
0.1836735 0.9183673 2 -0.3750039
0.1836735 0.9387755 2 -0.624638
0.1836735 0.9591837 2 -0.8156112
0.1836735 0.9795918 2 -0.9354317
0.1836735 1 2 -0.9762621
0.2040816 0 2 -0.8255122
0.2040816 0.02040816 2 -0.7846818
0.2040816 0.04081633 2 -0.6648613
0.2040816 0.06122449 2 -0.4738882
0.2040816 0.08163265 2 -0.224254
0.2040816 0.1020408 2 0.06771251
0.2040816 0.122449 2 0.3829138
0.2040816 0.1428571 2 0.7007324
0.2040816 0.1632653 2 1.00038
0.2040816 0.1836735 2 1.262256
0.2040816 0.2040816 2 1.469231
0.2040816 0.2244898 2 1.607768
0.2040816 0.244898 2 1.668804
0.2040816 0.2653061 2 1.648346
0.2040816 0.2857143 2 1.547734
0.2040816 0.3061224 2 1.373548
0.2040816 0.3265306 2 1.137182
0.2040816 0.3469388 2 0.854096
0.2040816 0.3673469 2 0.5428073
0.2040816 0.3877551 2 0.2236773
0.2040816 0.4081633 2 -0.08241965
0.2040816 0.4285714 2 -0.3554617
0.2040816 0.4489796 2 -0.577589
0.2040816 0.4693878 2 -0.7342722
0.2040816 0.4897959 2 -0.8152626
0.2040816 0.5102041 2 -0.8152626
0.2040816 0.5306122 2 -0.7342722
0.2040816 0.5510204 2 -0.577589
0.2040816 0.5714286 2 -0.3554617
0.2040816 0.5918367 2 -0.08241965
0.2040816 0.6122449 2 0.2236773
0.2040816 0.6326531 2 0.5428073
0.2040816 0.6530612 2 0.854096
0.2040816 0.6734694 2 1.137182
0.2040816 0.6938776 2 1.373548
0.2040816 0.7142857 2 1.547734
0.2040816 0.7346939 2 1.648346
0.2040816 0.755102 2 1.668804
0.2040816 0.7755102 2 1.607768
0.2040816 0.7959184 2 1.469231
0.2040816 0.8163265 2 1.262256
0.2040816 0.8367347 2 1.00038
0.2040816 0.8571429 2 0.7007324
0.2040816 0.877551 2 0.3829138
0.2040816 0.8979592 2 0.06771251
0.2040816 0.9183673 2 -0.224254
0.2040816 0.9387755 2 -0.4738882
0.2040816 0.9591837 2 -0.6648613
0.2040816 0.9795918 2 -0.7846818
0.2040816 1 2 -0.8255122
0.2244898 0 2 -0.7246096
0.2244898 0.02040816 2 -0.6837792
0.2244898 0.04081633 2 -0.5639587
0.2244898 0.06122449 2 -0.3729856
0.2244898 0.08163265 2 -0.1233514
0.2244898 0.1020408 2 0.1686151
0.2244898 0.122449 2 0.4838164
0.2244898 0.1428571 2 0.801635
0.2244898 0.1632653 2 1.101282
0.2244898 0.1836735 2 1.363159
0.2244898 0.2040816 2 1.570134
0.2244898 0.2244898 2 1.708671
0.2244898 0.244898 2 1.769706
0.2244898 0.2653061 2 1.749249
0.2244898 0.2857143 2 1.648637
0.2244898 0.3061224 2 1.474451
0.2244898 0.3265306 2 1.238084
0.2244898 0.3469388 2 0.9549986
0.2244898 0.3673469 2 0.6437099
0.2244898 0.3877551 2 0.3245799
0.2244898 0.4081633 2 0.01848294
0.2244898 0.4285714 2 -0.2545591
0.2244898 0.4489796 2 -0.4766864
0.2244898 0.4693878 2 -0.6333696
0.2244898 0.4897959 2 -0.71436
0.2244898 0.5102041 2 -0.71436
0.2244898 0.5306122 2 -0.6333696
0.2244898 0.5510204 2 -0.4766864
0.2244898 0.5714286 2 -0.2545591
0.2244898 0.5918367 2 0.01848294
0.2244898 0.6122449 2 0.3245799
0.2244898 0.6326531 2 0.6437099
0.2244898 0.6530612 2 0.9549986
0.2244898 0.6734694 2 1.238084
0.2244898 0.6938776 2 1.474451
0.2244898 0.7142857 2 1.648637
0.2244898 0.7346939 2 1.749249
0.2244898 0.755102 2 1.769706
0.2244898 0.7755102 2 1.708671
0.2244898 0.7959184 2 1.570134
0.2244898 0.8163265 2 1.363159
0.2244898 0.8367347 2 1.101282
0.2244898 0.8571429 2 0.801635
0.2244898 0.877551 2 0.4838164
0.2244898 0.8979592 2 0.1686151
0.2244898 0.9183673 2 -0.1233514
0.2244898 0.9387755 2 -0.3729856
0.2244898 0.9591837 2 -0.5639587
0.2244898 0.9795918 2 -0.6837792
0.2244898 1 2 -0.7246096
0.244898 0 2 -0.6801544
0.244898 0.02040816 2 -0.639324
0.244898 0.04081633 2 -0.5195035
0.244898 0.06122449 2 -0.3285303
0.244898 0.08163265 2 -0.07889619
0.244898 0.1020408 2 0.2130703
0.244898 0.122449 2 0.5282716
0.244898 0.1428571 2 0.8460902
0.244898 0.1632653 2 1.145738
0.244898 0.1836735 2 1.407614
0.244898 0.2040816 2 1.614589
0.244898 0.2244898 2 1.753126
0.244898 0.244898 2 1.814162
0.244898 0.2653061 2 1.793704
0.244898 0.2857143 2 1.693092
0.244898 0.3061224 2 1.518906
0.244898 0.3265306 2 1.28254
0.244898 0.3469388 2 0.9994538
0.244898 0.3673469 2 0.6881651
0.244898 0.3877551 2 0.3690351
0.244898 0.4081633 2 0.06293817
0.244898 0.4285714 2 -0.2101038
0.244898 0.4489796 2 -0.4322311
0.244898 0.4693878 2 -0.5889143
0.244898 0.4897959 2 -0.6699047
0.244898 0.5102041 2 -0.6699047
0.244898 0.5306122 2 -0.5889143
0.244898 0.5510204 2 -0.4322311
0.244898 0.5714286 2 -0.2101038
0.244898 0.5918367 2 0.06293817
0.244898 0.6122449 2 0.3690351
0.244898 0.6326531 2 0.6881651
0.244898 0.6530612 2 0.9994538
0.244898 0.6734694 2 1.28254
0.244898 0.6938776 2 1.518906
0.244898 0.7142857 2 1.693092
0.244898 0.7346939 2 1.793704
0.244898 0.755102 2 1.814162
0.244898 0.7755102 2 1.753126
0.244898 0.7959184 2 1.614589
0.244898 0.8163265 2 1.407614
0.244898 0.8367347 2 1.145738
0.244898 0.8571429 2 0.8460902
0.244898 0.877551 2 0.5282716
0.244898 0.8979592 2 0.2130703
0.244898 0.9183673 2 -0.07889619
0.244898 0.9387755 2 -0.3285303
0.244898 0.9591837 2 -0.5195035
0.244898 0.9795918 2 -0.639324
0.244898 1 2 -0.6801544
0.2653061 0 2 -0.6950544
0.2653061 0.02040816 2 -0.654224
0.2653061 0.04081633 2 -0.5344034
0.2653061 0.06122449 2 -0.3434303
0.2653061 0.08163265 2 -0.09379615
0.2653061 0.1020408 2 0.1981704
0.2653061 0.122449 2 0.5133716
0.2653061 0.1428571 2 0.8311903
0.2653061 0.1632653 2 1.130838
0.2653061 0.1836735 2 1.392714
0.2653061 0.2040816 2 1.599689
0.2653061 0.2244898 2 1.738226
0.2653061 0.244898 2 1.799262
0.2653061 0.2653061 2 1.778804
0.2653061 0.2857143 2 1.678192
0.2653061 0.3061224 2 1.504006
0.2653061 0.3265306 2 1.26764
0.2653061 0.3469388 2 0.9845539
0.2653061 0.3673469 2 0.6732652
0.2653061 0.3877551 2 0.3541352
0.2653061 0.4081633 2 0.04803821
0.2653061 0.4285714 2 -0.2250038
0.2653061 0.4489796 2 -0.4471311
0.2653061 0.4693878 2 -0.6038143
0.2653061 0.4897959 2 -0.6848047
0.2653061 0.5102041 2 -0.6848047
0.2653061 0.5306122 2 -0.6038143
0.2653061 0.5510204 2 -0.4471311
0.2653061 0.5714286 2 -0.2250038
0.2653061 0.5918367 2 0.04803821
0.2653061 0.6122449 2 0.3541352
0.2653061 0.6326531 2 0.6732652
0.2653061 0.6530612 2 0.9845539
0.2653061 0.6734694 2 1.26764
0.2653061 0.6938776 2 1.504006
0.2653061 0.7142857 2 1.678192
0.2653061 0.7346939 2 1.778804
0.2653061 0.755102 2 1.799262
0.2653061 0.7755102 2 1.738226
0.2653061 0.7959184 2 1.599689
0.2653061 0.8163265 2 1.392714
0.2653061 0.8367347 2 1.130838
0.2653061 0.8571429 2 0.8311903
0.2653061 0.877551 2 0.5133716
0.2653061 0.8979592 2 0.1981704
0.2653061 0.9183673 2 -0.09379615
0.2653061 0.9387755 2 -0.3434303
0.2653061 0.9591837 2 -0.5344034
0.2653061 0.9795918 2 -0.654224
0.2653061 1 2 -0.6950544
0.2857143 0 2 -0.7683349
0.2857143 0.02040816 2 -0.7275045
0.2857143 0.04081633 2 -0.607684
0.2857143 0.06122449 2 -0.4167108
0.2857143 0.08163265 2 -0.1670767
0.2857143 0.1020408 2 0.1248898
0.2857143 0.122449 2 0.4400911
0.2857143 0.1428571 2 0.7579097
0.2857143 0.1632653 2 1.057557
0.2857143 0.1836735 2 1.319433
0.2857143 0.2040816 2 1.526409
0.2857143 0.2244898 2 1.664945
0.2857143 0.244898 2 1.725981
0.2857143 0.2653061 2 1.705524
0.2857143 0.2857143 2 1.604912
0.2857143 0.3061224 2 1.430726
0.2857143 0.3265306 2 1.194359
0.2857143 0.3469388 2 0.9112733
0.2857143 0.3673469 2 0.5999846
0.2857143 0.3877551 2 0.2808546
0.2857143 0.4081633 2 -0.02524233
0.2857143 0.4285714 2 -0.2982843
0.2857143 0.4489796 2 -0.5204116
0.2857143 0.4693878 2 -0.6770948
0.2857143 0.4897959 2 -0.7580852
0.2857143 0.5102041 2 -0.7580852
0.2857143 0.5306122 2 -0.6770948
0.2857143 0.5510204 2 -0.5204116
0.2857143 0.5714286 2 -0.2982843
0.2857143 0.5918367 2 -0.02524233
0.2857143 0.6122449 2 0.2808546
0.2857143 0.6326531 2 0.5999846
0.2857143 0.6530612 2 0.9112733
0.2857143 0.6734694 2 1.194359
0.2857143 0.6938776 2 1.430726
0.2857143 0.7142857 2 1.604912
0.2857143 0.7346939 2 1.705524
0.2857143 0.755102 2 1.725981
0.2857143 0.7755102 2 1.664945
0.2857143 0.7959184 2 1.526409
0.2857143 0.8163265 2 1.319433
0.2857143 0.8367347 2 1.057557
0.2857143 0.8571429 2 0.7579097
0.2857143 0.877551 2 0.4400911
0.2857143 0.8979592 2 0.1248898
0.2857143 0.9183673 2 -0.1670767
0.2857143 0.9387755 2 -0.4167108
0.2857143 0.9591837 2 -0.607684
0.2857143 0.9795918 2 -0.7275045
0.2857143 1 2 -0.7683349
0.3061224 0 2 -0.8952027
0.3061224 0.02040816 2 -0.8543723
0.3061224 0.04081633 2 -0.7345518
0.3061224 0.06122449 2 -0.5435787
0.3061224 0.08163265 2 -0.2939445
0.3061224 0.1020408 2 -0.001977997
0.3061224 0.122449 2 0.3132233
0.3061224 0.1428571 2 0.6310419
0.3061224 0.1632653 2 0.9306893
0.3061224 0.1836735 2 1.192565
0.3061224 0.2040816 2 1.399541
0.3061224 0.2244898 2 1.538077
0.3061224 0.244898 2 1.599113
0.3061224 0.2653061 2 1.578656
0.3061224 0.2857143 2 1.478044
0.3061224 0.3061224 2 1.303858
0.3061224 0.3265306 2 1.067491
0.3061224 0.3469388 2 0.7844055
0.3061224 0.3673469 2 0.4731168
0.3061224 0.3877551 2 0.1539868
0.3061224 0.4081633 2 -0.1521102
0.3061224 0.4285714 2 -0.4251522
0.3061224 0.4489796 2 -0.6472795
0.3061224 0.4693878 2 -0.8039627
0.3061224 0.4897959 2 -0.8849531
0.3061224 0.5102041 2 -0.8849531
0.3061224 0.5306122 2 -0.8039627
0.3061224 0.5510204 2 -0.6472795
0.3061224 0.5714286 2 -0.4251522
0.3061224 0.5918367 2 -0.1521102
0.3061224 0.6122449 2 0.1539868
0.3061224 0.6326531 2 0.4731168
0.3061224 0.6530612 2 0.7844055
0.3061224 0.6734694 2 1.067491
0.3061224 0.6938776 2 1.303858
0.3061224 0.7142857 2 1.478044
0.3061224 0.7346939 2 1.578656
0.3061224 0.755102 2 1.599113
0.3061224 0.7755102 2 1.538077
0.3061224 0.7959184 2 1.399541
0.3061224 0.8163265 2 1.192565
0.3061224 0.8367347 2 0.9306893
0.3061224 0.8571429 2 0.6310419
0.3061224 0.877551 2 0.3132233
0.3061224 0.8979592 2 -0.001977997
0.3061224 0.9183673 2 -0.2939445
0.3061224 0.9387755 2 -0.5435787
0.3061224 0.9591837 2 -0.7345518
0.3061224 0.9795918 2 -0.8543723
0.3061224 1 2 -0.8952027
0.3265306 0 2 -1.067359
0.3265306 0.02040816 2 -1.026529
0.3265306 0.04081633 2 -0.9067084
0.3265306 0.06122449 2 -0.7157353
0.3265306 0.08163265 2 -0.4661012
0.3265306 0.1020408 2 -0.1741346
0.3265306 0.122449 2 0.1410666
0.3265306 0.1428571 2 0.4588853
0.3265306 0.1632653 2 0.7585327
0.3265306 0.1836735 2 1.020409
0.3265306 0.2040816 2 1.227384
0.3265306 0.2244898 2 1.365921
0.3265306 0.244898 2 1.426957
0.3265306 0.2653061 2 1.406499
0.3265306 0.2857143 2 1.305887
0.3265306 0.3061224 2 1.131701
0.3265306 0.3265306 2 0.8953347
0.3265306 0.3469388 2 0.6122488
0.3265306 0.3673469 2 0.3009602
0.3265306 0.3877551 2 -0.01816985
0.3265306 0.4081633 2 -0.3242668
0.3265306 0.4285714 2 -0.5973088
0.3265306 0.4489796 2 -0.8194361
0.3265306 0.4693878 2 -0.9761193
0.3265306 0.4897959 2 -1.05711
0.3265306 0.5102041 2 -1.05711
0.3265306 0.5306122 2 -0.9761193
0.3265306 0.5510204 2 -0.8194361
0.3265306 0.5714286 2 -0.5973088
0.3265306 0.5918367 2 -0.3242668
0.3265306 0.6122449 2 -0.01816985
0.3265306 0.6326531 2 0.3009602
0.3265306 0.6530612 2 0.6122488
0.3265306 0.6734694 2 0.8953347
0.3265306 0.6938776 2 1.131701
0.3265306 0.7142857 2 1.305887
0.3265306 0.7346939 2 1.406499
0.3265306 0.755102 2 1.426957
0.3265306 0.7755102 2 1.365921
0.3265306 0.7959184 2 1.227384
0.3265306 0.8163265 2 1.020409
0.3265306 0.8367347 2 0.7585327
0.3265306 0.8571429 2 0.4588853
0.3265306 0.877551 2 0.1410666
0.3265306 0.8979592 2 -0.1741346
0.3265306 0.9183673 2 -0.4661012
0.3265306 0.9387755 2 -0.7157353
0.3265306 0.9591837 2 -0.9067084
0.3265306 0.9795918 2 -1.026529
0.3265306 1 2 -1.067359
0.3469388 0 2 -1.273544
0.3469388 0.02040816 2 -1.232714
0.3469388 0.04081633 2 -1.112893
0.3469388 0.06122449 2 -0.92192
0.3469388 0.08163265 2 -0.6722858
0.3469388 0.1020408 2 -0.3803193
0.3469388 0.122449 2 -0.06511802
0.3469388 0.1428571 2 0.2527006
0.3469388 0.1632653 2 0.552348
0.3469388 0.1836735 2 0.8142241
0.3469388 0.2040816 2 1.0212
0.3469388 0.2244898 2 1.159736
0.3469388 0.244898 2 1.220772
0.3469388 0.2653061 2 1.200315
0.3469388 0.2857143 2 1.099703
0.3469388 0.3061224 2 0.9255165
0.3469388 0.3265306 2 0.6891501
0.3469388 0.3469388 2 0.4060642
0.3469388 0.3673469 2 0.09477551
0.3469388 0.3877551 2 -0.2243545
0.3469388 0.4081633 2 -0.5304515
0.3469388 0.4285714 2 -0.8034935
0.3469388 0.4489796 2 -1.025621
0.3469388 0.4693878 2 -1.182304
0.3469388 0.4897959 2 -1.263294
0.3469388 0.5102041 2 -1.263294
0.3469388 0.5306122 2 -1.182304
0.3469388 0.5510204 2 -1.025621
0.3469388 0.5714286 2 -0.8034935
0.3469388 0.5918367 2 -0.5304515
0.3469388 0.6122449 2 -0.2243545
0.3469388 0.6326531 2 0.09477551
0.3469388 0.6530612 2 0.4060642
0.3469388 0.6734694 2 0.6891501
0.3469388 0.6938776 2 0.9255165
0.3469388 0.7142857 2 1.099703
0.3469388 0.7346939 2 1.200315
0.3469388 0.755102 2 1.220772
0.3469388 0.7755102 2 1.159736
0.3469388 0.7959184 2 1.0212
0.3469388 0.8163265 2 0.8142241
0.3469388 0.8367347 2 0.552348
0.3469388 0.8571429 2 0.2527006
0.3469388 0.877551 2 -0.06511802
0.3469388 0.8979592 2 -0.3803193
0.3469388 0.9183673 2 -0.6722858
0.3469388 0.9387755 2 -0.92192
0.3469388 0.9591837 2 -1.112893
0.3469388 0.9795918 2 -1.232714
0.3469388 1 2 -1.273544
0.3673469 0 2 -1.50027
0.3673469 0.02040816 2 -1.45944
0.3673469 0.04081633 2 -1.339619
0.3673469 0.06122449 2 -1.148646
0.3673469 0.08163265 2 -0.8990119
0.3673469 0.1020408 2 -0.6070454
0.3673469 0.122449 2 -0.2918441
0.3673469 0.1428571 2 0.02597456
0.3673469 0.1632653 2 0.3256219
0.3673469 0.1836735 2 0.5874981
0.3673469 0.2040816 2 0.7944735
0.3673469 0.2244898 2 0.93301
0.3673469 0.244898 2 0.9940459
0.3673469 0.2653061 2 0.9735886
0.3673469 0.2857143 2 0.8729764
0.3673469 0.3061224 2 0.6987904
0.3673469 0.3265306 2 0.462424
0.3673469 0.3469388 2 0.1793381
0.3673469 0.3673469 2 -0.1319506
0.3673469 0.3877551 2 -0.4510806
0.3673469 0.4081633 2 -0.7571775
0.3673469 0.4285714 2 -1.03022
0.3673469 0.4489796 2 -1.252347
0.3673469 0.4693878 2 -1.40903
0.3673469 0.4897959 2 -1.49002
0.3673469 0.5102041 2 -1.49002
0.3673469 0.5306122 2 -1.40903
0.3673469 0.5510204 2 -1.252347
0.3673469 0.5714286 2 -1.03022
0.3673469 0.5918367 2 -0.7571775
0.3673469 0.6122449 2 -0.4510806
0.3673469 0.6326531 2 -0.1319506
0.3673469 0.6530612 2 0.1793381
0.3673469 0.6734694 2 0.462424
0.3673469 0.6938776 2 0.6987904
0.3673469 0.7142857 2 0.8729764
0.3673469 0.7346939 2 0.9735886
0.3673469 0.755102 2 0.9940459
0.3673469 0.7755102 2 0.93301
0.3673469 0.7959184 2 0.7944735
0.3673469 0.8163265 2 0.5874981
0.3673469 0.8367347 2 0.3256219
0.3673469 0.8571429 2 0.02597456
0.3673469 0.877551 2 -0.2918441
0.3673469 0.8979592 2 -0.6070454
0.3673469 0.9183673 2 -0.8990119
0.3673469 0.9387755 2 -1.148646
0.3673469 0.9591837 2 -1.339619
0.3673469 0.9795918 2 -1.45944
0.3673469 1 2 -1.50027
0.3877551 0 2 -1.732707
0.3877551 0.02040816 2 -1.691877
0.3877551 0.04081633 2 -1.572056
0.3877551 0.06122449 2 -1.381083
0.3877551 0.08163265 2 -1.131449
0.3877551 0.1020408 2 -0.8394826
0.3877551 0.122449 2 -0.5242813
0.3877551 0.1428571 2 -0.2064627
0.3877551 0.1632653 2 0.09318468
0.3877551 0.1836735 2 0.3550608
0.3877551 0.2040816 2 0.5620363
0.3877551 0.2244898 2 0.7005728
0.3877551 0.244898 2 0.7616086
0.3877551 0.2653061 2 0.7411514
0.3877551 0.2857143 2 0.6405392
0.3877551 0.3061224 2 0.4663531
0.3877551 0.3265306 2 0.2299868
0.3877551 0.3469388 2 -0.05309913
0.3877551 0.3673469 2 -0.3643878
0.3877551 0.3877551 2 -0.6835178
0.3877551 0.4081633 2 -0.9896148
0.3877551 0.4285714 2 -1.262657
0.3877551 0.4489796 2 -1.484784
0.3877551 0.4693878 2 -1.641467
0.3877551 0.4897959 2 -1.722458
0.3877551 0.5102041 2 -1.722458
0.3877551 0.5306122 2 -1.641467
0.3877551 0.5510204 2 -1.484784
0.3877551 0.5714286 2 -1.262657
0.3877551 0.5918367 2 -0.9896148
0.3877551 0.6122449 2 -0.6835178
0.3877551 0.6326531 2 -0.3643878
0.3877551 0.6530612 2 -0.05309913
0.3877551 0.6734694 2 0.2299868
0.3877551 0.6938776 2 0.4663531
0.3877551 0.7142857 2 0.6405392
0.3877551 0.7346939 2 0.7411514
0.3877551 0.755102 2 0.7616086
0.3877551 0.7755102 2 0.7005728
0.3877551 0.7959184 2 0.5620363
0.3877551 0.8163265 2 0.3550608
0.3877551 0.8367347 2 0.09318468
0.3877551 0.8571429 2 -0.2064627
0.3877551 0.877551 2 -0.5242813
0.3877551 0.8979592 2 -0.8394826
0.3877551 0.9183673 2 -1.131449
0.3877551 0.9387755 2 -1.381083
0.3877551 0.9591837 2 -1.572056
0.3877551 0.9795918 2 -1.691877
0.3877551 1 2 -1.732707
0.4081633 0 2 -1.955652
0.4081633 0.02040816 2 -1.914822
0.4081633 0.04081633 2 -1.795001
0.4081633 0.06122449 2 -1.604028
0.4081633 0.08163265 2 -1.354394
0.4081633 0.1020408 2 -1.062427
0.4081633 0.122449 2 -0.747226
0.4081633 0.1428571 2 -0.4294074
0.4081633 0.1632653 2 -0.12976
0.4081633 0.1836735 2 0.1321161
0.4081633 0.2040816 2 0.3390916
0.4081633 0.2244898 2 0.4776281
0.4081633 0.244898 2 0.5386639
0.4081633 0.2653061 2 0.5182067
0.4081633 0.2857143 2 0.4175945
0.4081633 0.3061224 2 0.2434084
0.4081633 0.3265306 2 0.00704208
0.4081633 0.3469388 2 -0.2760438
0.4081633 0.3673469 2 -0.5873325
0.4081633 0.3877551 2 -0.9064625
0.4081633 0.4081633 2 -1.212559
0.4081633 0.4285714 2 -1.485601
0.4081633 0.4489796 2 -1.707729
0.4081633 0.4693878 2 -1.864412
0.4081633 0.4897959 2 -1.945402
0.4081633 0.5102041 2 -1.945402
0.4081633 0.5306122 2 -1.864412
0.4081633 0.5510204 2 -1.707729
0.4081633 0.5714286 2 -1.485601
0.4081633 0.5918367 2 -1.212559
0.4081633 0.6122449 2 -0.9064625
0.4081633 0.6326531 2 -0.5873325
0.4081633 0.6530612 2 -0.2760438
0.4081633 0.6734694 2 0.00704208
0.4081633 0.6938776 2 0.2434084
0.4081633 0.7142857 2 0.4175945
0.4081633 0.7346939 2 0.5182067
0.4081633 0.755102 2 0.5386639
0.4081633 0.7755102 2 0.4776281
0.4081633 0.7959184 2 0.3390916
0.4081633 0.8163265 2 0.1321161
0.4081633 0.8367347 2 -0.12976
0.4081633 0.8571429 2 -0.4294074
0.4081633 0.877551 2 -0.747226
0.4081633 0.8979592 2 -1.062427
0.4081633 0.9183673 2 -1.354394
0.4081633 0.9387755 2 -1.604028
0.4081633 0.9591837 2 -1.795001
0.4081633 0.9795918 2 -1.914822
0.4081633 1 2 -1.955652
0.4285714 0 2 -2.154521
0.4285714 0.02040816 2 -2.113691
0.4285714 0.04081633 2 -1.99387
0.4285714 0.06122449 2 -1.802897
0.4285714 0.08163265 2 -1.553263
0.4285714 0.1020408 2 -1.261297
0.4285714 0.122449 2 -0.9460952
0.4285714 0.1428571 2 -0.6282766
0.4285714 0.1632653 2 -0.3286292
0.4285714 0.1836735 2 -0.06675309
0.4285714 0.2040816 2 0.1402224
0.4285714 0.2244898 2 0.2787589
0.4285714 0.244898 2 0.3397947
0.4285714 0.2653061 2 0.3193375
0.4285714 0.2857143 2 0.2187253
0.4285714 0.3061224 2 0.04453923
0.4285714 0.3265306 2 -0.1918271
0.4285714 0.3469388 2 -0.474913
0.4285714 0.3673469 2 -0.7862017
0.4285714 0.3877551 2 -1.105332
0.4285714 0.4081633 2 -1.411429
0.4285714 0.4285714 2 -1.684471
0.4285714 0.4489796 2 -1.906598
0.4285714 0.4693878 2 -2.063281
0.4285714 0.4897959 2 -2.144272
0.4285714 0.5102041 2 -2.144272
0.4285714 0.5306122 2 -2.063281
0.4285714 0.5510204 2 -1.906598
0.4285714 0.5714286 2 -1.684471
0.4285714 0.5918367 2 -1.411429
0.4285714 0.6122449 2 -1.105332
0.4285714 0.6326531 2 -0.7862017
0.4285714 0.6530612 2 -0.474913
0.4285714 0.6734694 2 -0.1918271
0.4285714 0.6938776 2 0.04453923
0.4285714 0.7142857 2 0.2187253
0.4285714 0.7346939 2 0.3193375
0.4285714 0.755102 2 0.3397947
0.4285714 0.7755102 2 0.2787589
0.4285714 0.7959184 2 0.1402224
0.4285714 0.8163265 2 -0.06675309
0.4285714 0.8367347 2 -0.3286292
0.4285714 0.8571429 2 -0.6282766
0.4285714 0.877551 2 -0.9460952
0.4285714 0.8979592 2 -1.261297
0.4285714 0.9183673 2 -1.553263
0.4285714 0.9387755 2 -1.802897
0.4285714 0.9591837 2 -1.99387
0.4285714 0.9795918 2 -2.113691
0.4285714 1 2 -2.154521
0.4489796 0 2 -2.316307
0.4489796 0.02040816 2 -2.275477
0.4489796 0.04081633 2 -2.155656
0.4489796 0.06122449 2 -1.964683
0.4489796 0.08163265 2 -1.715049
0.4489796 0.1020408 2 -1.423082
0.4489796 0.122449 2 -1.107881
0.4489796 0.1428571 2 -0.7900623
0.4489796 0.1632653 2 -0.4904149
0.4489796 0.1836735 2 -0.2285388
0.4489796 0.2040816 2 -0.02156329
0.4489796 0.2244898 2 0.1169732
0.4489796 0.244898 2 0.178009
0.4489796 0.2653061 2 0.1575518
0.4489796 0.2857143 2 0.05693961
0.4489796 0.3061224 2 -0.1172464
0.4489796 0.3265306 2 -0.3536128
0.4489796 0.3469388 2 -0.6366987
0.4489796 0.3673469 2 -0.9479874
0.4489796 0.3877551 2 -1.267117
0.4489796 0.4081633 2 -1.573214
0.4489796 0.4285714 2 -1.846256
0.4489796 0.4489796 2 -2.068384
0.4489796 0.4693878 2 -2.225067
0.4489796 0.4897959 2 -2.306057
0.4489796 0.5102041 2 -2.306057
0.4489796 0.5306122 2 -2.225067
0.4489796 0.5510204 2 -2.068384
0.4489796 0.5714286 2 -1.846256
0.4489796 0.5918367 2 -1.573214
0.4489796 0.6122449 2 -1.267117
0.4489796 0.6326531 2 -0.9479874
0.4489796 0.6530612 2 -0.6366987
0.4489796 0.6734694 2 -0.3536128
0.4489796 0.6938776 2 -0.1172464
0.4489796 0.7142857 2 0.05693961
0.4489796 0.7346939 2 0.1575518
0.4489796 0.755102 2 0.178009
0.4489796 0.7755102 2 0.1169732
0.4489796 0.7959184 2 -0.02156329
0.4489796 0.8163265 2 -0.2285388
0.4489796 0.8367347 2 -0.4904149
0.4489796 0.8571429 2 -0.7900623
0.4489796 0.877551 2 -1.107881
0.4489796 0.8979592 2 -1.423082
0.4489796 0.9183673 2 -1.715049
0.4489796 0.9387755 2 -1.964683
0.4489796 0.9591837 2 -2.155656
0.4489796 0.9795918 2 -2.275477
0.4489796 1 2 -2.316307
0.4693878 0 2 -2.430427
0.4693878 0.02040816 2 -2.389596
0.4693878 0.04081633 2 -2.269776
0.4693878 0.06122449 2 -2.078803
0.4693878 0.08163265 2 -1.829168
0.4693878 0.1020408 2 -1.537202
0.4693878 0.122449 2 -1.222001
0.4693878 0.1428571 2 -0.904182
0.4693878 0.1632653 2 -0.6045346
0.4693878 0.1836735 2 -0.3426584
0.4693878 0.2040816 2 -0.135683
0.4693878 0.2244898 2 0.002853535
0.4693878 0.244898 2 0.06388935
0.4693878 0.2653061 2 0.04343211
0.4693878 0.2857143 2 -0.05718007
0.4693878 0.3061224 2 -0.2313661
0.4693878 0.3265306 2 -0.4677325
0.4693878 0.3469388 2 -0.7508184
0.4693878 0.3673469 2 -1.062107
0.4693878 0.3877551 2 -1.381237
0.4693878 0.4081633 2 -1.687334
0.4693878 0.4285714 2 -1.960376
0.4693878 0.4489796 2 -2.182503
0.4693878 0.4693878 2 -2.339187
0.4693878 0.4897959 2 -2.420177
0.4693878 0.5102041 2 -2.420177
0.4693878 0.5306122 2 -2.339187
0.4693878 0.5510204 2 -2.182503
0.4693878 0.5714286 2 -1.960376
0.4693878 0.5918367 2 -1.687334
0.4693878 0.6122449 2 -1.381237
0.4693878 0.6326531 2 -1.062107
0.4693878 0.6530612 2 -0.7508184
0.4693878 0.6734694 2 -0.4677325
0.4693878 0.6938776 2 -0.2313661
0.4693878 0.7142857 2 -0.05718007
0.4693878 0.7346939 2 0.04343211
0.4693878 0.755102 2 0.06388935
0.4693878 0.7755102 2 0.002853535
0.4693878 0.7959184 2 -0.135683
0.4693878 0.8163265 2 -0.3426584
0.4693878 0.8367347 2 -0.6045346
0.4693878 0.8571429 2 -0.904182
0.4693878 0.877551 2 -1.222001
0.4693878 0.8979592 2 -1.537202
0.4693878 0.9183673 2 -1.829168
0.4693878 0.9387755 2 -2.078803
0.4693878 0.9591837 2 -2.269776
0.4693878 0.9795918 2 -2.389596
0.4693878 1 2 -2.430427
0.4897959 0 2 -2.489416
0.4897959 0.02040816 2 -2.448585
0.4897959 0.04081633 2 -2.328765
0.4897959 0.06122449 2 -2.137792
0.4897959 0.08163265 2 -1.888157
0.4897959 0.1020408 2 -1.596191
0.4897959 0.122449 2 -1.28099
0.4897959 0.1428571 2 -0.963171
0.4897959 0.1632653 2 -0.6635237
0.4897959 0.1836735 2 -0.4016475
0.4897959 0.2040816 2 -0.194672
0.4897959 0.2244898 2 -0.05613555
0.4897959 0.244898 2 0.004900264
0.4897959 0.2653061 2 -0.01555698
0.4897959 0.2857143 2 -0.1161692
0.4897959 0.3061224 2 -0.2903552
0.4897959 0.3265306 2 -0.5267216
0.4897959 0.3469388 2 -0.8098075
0.4897959 0.3673469 2 -1.121096
0.4897959 0.3877551 2 -1.440226
0.4897959 0.4081633 2 -1.746323
0.4897959 0.4285714 2 -2.019365
0.4897959 0.4489796 2 -2.241492
0.4897959 0.4693878 2 -2.398176
0.4897959 0.4897959 2 -2.479166
0.4897959 0.5102041 2 -2.479166
0.4897959 0.5306122 2 -2.398176
0.4897959 0.5510204 2 -2.241492
0.4897959 0.5714286 2 -2.019365
0.4897959 0.5918367 2 -1.746323
0.4897959 0.6122449 2 -1.440226
0.4897959 0.6326531 2 -1.121096
0.4897959 0.6530612 2 -0.8098075
0.4897959 0.6734694 2 -0.5267216
0.4897959 0.6938776 2 -0.2903552
0.4897959 0.7142857 2 -0.1161692
0.4897959 0.7346939 2 -0.01555698
0.4897959 0.755102 2 0.004900264
0.4897959 0.7755102 2 -0.05613555
0.4897959 0.7959184 2 -0.194672
0.4897959 0.8163265 2 -0.4016475
0.4897959 0.8367347 2 -0.6635237
0.4897959 0.8571429 2 -0.963171
0.4897959 0.877551 2 -1.28099
0.4897959 0.8979592 2 -1.596191
0.4897959 0.9183673 2 -1.888157
0.4897959 0.9387755 2 -2.137792
0.4897959 0.9591837 2 -2.328765
0.4897959 0.9795918 2 -2.448585
0.4897959 1 2 -2.489416
0.5102041 0 2 -2.489416
0.5102041 0.02040816 2 -2.448585
0.5102041 0.04081633 2 -2.328765
0.5102041 0.06122449 2 -2.137792
0.5102041 0.08163265 2 -1.888157
0.5102041 0.1020408 2 -1.596191
0.5102041 0.122449 2 -1.28099
0.5102041 0.1428571 2 -0.963171
0.5102041 0.1632653 2 -0.6635237
0.5102041 0.1836735 2 -0.4016475
0.5102041 0.2040816 2 -0.194672
0.5102041 0.2244898 2 -0.05613555
0.5102041 0.244898 2 0.004900264
0.5102041 0.2653061 2 -0.01555698
0.5102041 0.2857143 2 -0.1161692
0.5102041 0.3061224 2 -0.2903552
0.5102041 0.3265306 2 -0.5267216
0.5102041 0.3469388 2 -0.8098075
0.5102041 0.3673469 2 -1.121096
0.5102041 0.3877551 2 -1.440226
0.5102041 0.4081633 2 -1.746323
0.5102041 0.4285714 2 -2.019365
0.5102041 0.4489796 2 -2.241492
0.5102041 0.4693878 2 -2.398176
0.5102041 0.4897959 2 -2.479166
0.5102041 0.5102041 2 -2.479166
0.5102041 0.5306122 2 -2.398176
0.5102041 0.5510204 2 -2.241492
0.5102041 0.5714286 2 -2.019365
0.5102041 0.5918367 2 -1.746323
0.5102041 0.6122449 2 -1.440226
0.5102041 0.6326531 2 -1.121096
0.5102041 0.6530612 2 -0.8098075
0.5102041 0.6734694 2 -0.5267216
0.5102041 0.6938776 2 -0.2903552
0.5102041 0.7142857 2 -0.1161692
0.5102041 0.7346939 2 -0.01555698
0.5102041 0.755102 2 0.004900264
0.5102041 0.7755102 2 -0.05613555
0.5102041 0.7959184 2 -0.194672
0.5102041 0.8163265 2 -0.4016475
0.5102041 0.8367347 2 -0.6635237
0.5102041 0.8571429 2 -0.963171
0.5102041 0.877551 2 -1.28099
0.5102041 0.8979592 2 -1.596191
0.5102041 0.9183673 2 -1.888157
0.5102041 0.9387755 2 -2.137792
0.5102041 0.9591837 2 -2.328765
0.5102041 0.9795918 2 -2.448585
0.5102041 1 2 -2.489416
0.5306122 0 2 -2.430427
0.5306122 0.02040816 2 -2.389596
0.5306122 0.04081633 2 -2.269776
0.5306122 0.06122449 2 -2.078803
0.5306122 0.08163265 2 -1.829168
0.5306122 0.1020408 2 -1.537202
0.5306122 0.122449 2 -1.222001
0.5306122 0.1428571 2 -0.904182
0.5306122 0.1632653 2 -0.6045346
0.5306122 0.1836735 2 -0.3426584
0.5306122 0.2040816 2 -0.135683
0.5306122 0.2244898 2 0.002853535
0.5306122 0.244898 2 0.06388935
0.5306122 0.2653061 2 0.04343211
0.5306122 0.2857143 2 -0.05718007
0.5306122 0.3061224 2 -0.2313661
0.5306122 0.3265306 2 -0.4677325
0.5306122 0.3469388 2 -0.7508184
0.5306122 0.3673469 2 -1.062107
0.5306122 0.3877551 2 -1.381237
0.5306122 0.4081633 2 -1.687334
0.5306122 0.4285714 2 -1.960376
0.5306122 0.4489796 2 -2.182503
0.5306122 0.4693878 2 -2.339187
0.5306122 0.4897959 2 -2.420177
0.5306122 0.5102041 2 -2.420177
0.5306122 0.5306122 2 -2.339187
0.5306122 0.5510204 2 -2.182503
0.5306122 0.5714286 2 -1.960376
0.5306122 0.5918367 2 -1.687334
0.5306122 0.6122449 2 -1.381237
0.5306122 0.6326531 2 -1.062107
0.5306122 0.6530612 2 -0.7508184
0.5306122 0.6734694 2 -0.4677325
0.5306122 0.6938776 2 -0.2313661
0.5306122 0.7142857 2 -0.05718007
0.5306122 0.7346939 2 0.04343211
0.5306122 0.755102 2 0.06388935
0.5306122 0.7755102 2 0.002853535
0.5306122 0.7959184 2 -0.135683
0.5306122 0.8163265 2 -0.3426584
0.5306122 0.8367347 2 -0.6045346
0.5306122 0.8571429 2 -0.904182
0.5306122 0.877551 2 -1.222001
0.5306122 0.8979592 2 -1.537202
0.5306122 0.9183673 2 -1.829168
0.5306122 0.9387755 2 -2.078803
0.5306122 0.9591837 2 -2.269776
0.5306122 0.9795918 2 -2.389596
0.5306122 1 2 -2.430427
0.5510204 0 2 -2.316307
0.5510204 0.02040816 2 -2.275477
0.5510204 0.04081633 2 -2.155656
0.5510204 0.06122449 2 -1.964683
0.5510204 0.08163265 2 -1.715049
0.5510204 0.1020408 2 -1.423082
0.5510204 0.122449 2 -1.107881
0.5510204 0.1428571 2 -0.7900623
0.5510204 0.1632653 2 -0.4904149
0.5510204 0.1836735 2 -0.2285388
0.5510204 0.2040816 2 -0.02156329
0.5510204 0.2244898 2 0.1169732
0.5510204 0.244898 2 0.178009
0.5510204 0.2653061 2 0.1575518
0.5510204 0.2857143 2 0.05693961
0.5510204 0.3061224 2 -0.1172464
0.5510204 0.3265306 2 -0.3536128
0.5510204 0.3469388 2 -0.6366987
0.5510204 0.3673469 2 -0.9479874
0.5510204 0.3877551 2 -1.267117
0.5510204 0.4081633 2 -1.573214
0.5510204 0.4285714 2 -1.846256
0.5510204 0.4489796 2 -2.068384
0.5510204 0.4693878 2 -2.225067
0.5510204 0.4897959 2 -2.306057
0.5510204 0.5102041 2 -2.306057
0.5510204 0.5306122 2 -2.225067
0.5510204 0.5510204 2 -2.068384
0.5510204 0.5714286 2 -1.846256
0.5510204 0.5918367 2 -1.573214
0.5510204 0.6122449 2 -1.267117
0.5510204 0.6326531 2 -0.9479874
0.5510204 0.6530612 2 -0.6366987
0.5510204 0.6734694 2 -0.3536128
0.5510204 0.6938776 2 -0.1172464
0.5510204 0.7142857 2 0.05693961
0.5510204 0.7346939 2 0.1575518
0.5510204 0.755102 2 0.178009
0.5510204 0.7755102 2 0.1169732
0.5510204 0.7959184 2 -0.02156329
0.5510204 0.8163265 2 -0.2285388
0.5510204 0.8367347 2 -0.4904149
0.5510204 0.8571429 2 -0.7900623
0.5510204 0.877551 2 -1.107881
0.5510204 0.8979592 2 -1.423082
0.5510204 0.9183673 2 -1.715049
0.5510204 0.9387755 2 -1.964683
0.5510204 0.9591837 2 -2.155656
0.5510204 0.9795918 2 -2.275477
0.5510204 1 2 -2.316307
0.5714286 0 2 -2.154521
0.5714286 0.02040816 2 -2.113691
0.5714286 0.04081633 2 -1.99387
0.5714286 0.06122449 2 -1.802897
0.5714286 0.08163265 2 -1.553263
0.5714286 0.1020408 2 -1.261297
0.5714286 0.122449 2 -0.9460952
0.5714286 0.1428571 2 -0.6282766
0.5714286 0.1632653 2 -0.3286292
0.5714286 0.1836735 2 -0.06675309
0.5714286 0.2040816 2 0.1402224
0.5714286 0.2244898 2 0.2787589
0.5714286 0.244898 2 0.3397947
0.5714286 0.2653061 2 0.3193375
0.5714286 0.2857143 2 0.2187253
0.5714286 0.3061224 2 0.04453923
0.5714286 0.3265306 2 -0.1918271
0.5714286 0.3469388 2 -0.474913
0.5714286 0.3673469 2 -0.7862017
0.5714286 0.3877551 2 -1.105332
0.5714286 0.4081633 2 -1.411429
0.5714286 0.4285714 2 -1.684471
0.5714286 0.4489796 2 -1.906598
0.5714286 0.4693878 2 -2.063281
0.5714286 0.4897959 2 -2.144272
0.5714286 0.5102041 2 -2.144272
0.5714286 0.5306122 2 -2.063281
0.5714286 0.5510204 2 -1.906598
0.5714286 0.5714286 2 -1.684471
0.5714286 0.5918367 2 -1.411429
0.5714286 0.6122449 2 -1.105332
0.5714286 0.6326531 2 -0.7862017
0.5714286 0.6530612 2 -0.474913
0.5714286 0.6734694 2 -0.1918271
0.5714286 0.6938776 2 0.04453923
0.5714286 0.7142857 2 0.2187253
0.5714286 0.7346939 2 0.3193375
0.5714286 0.755102 2 0.3397947
0.5714286 0.7755102 2 0.2787589
0.5714286 0.7959184 2 0.1402224
0.5714286 0.8163265 2 -0.06675309
0.5714286 0.8367347 2 -0.3286292
0.5714286 0.8571429 2 -0.6282766
0.5714286 0.877551 2 -0.9460952
0.5714286 0.8979592 2 -1.261297
0.5714286 0.9183673 2 -1.553263
0.5714286 0.9387755 2 -1.802897
0.5714286 0.9591837 2 -1.99387
0.5714286 0.9795918 2 -2.113691
0.5714286 1 2 -2.154521
0.5918367 0 2 -1.955652
0.5918367 0.02040816 2 -1.914822
0.5918367 0.04081633 2 -1.795001
0.5918367 0.06122449 2 -1.604028
0.5918367 0.08163265 2 -1.354394
0.5918367 0.1020408 2 -1.062427
0.5918367 0.122449 2 -0.747226
0.5918367 0.1428571 2 -0.4294074
0.5918367 0.1632653 2 -0.12976
0.5918367 0.1836735 2 0.1321161
0.5918367 0.2040816 2 0.3390916
0.5918367 0.2244898 2 0.4776281
0.5918367 0.244898 2 0.5386639
0.5918367 0.2653061 2 0.5182067
0.5918367 0.2857143 2 0.4175945
0.5918367 0.3061224 2 0.2434084
0.5918367 0.3265306 2 0.00704208
0.5918367 0.3469388 2 -0.2760438
0.5918367 0.3673469 2 -0.5873325
0.5918367 0.3877551 2 -0.9064625
0.5918367 0.4081633 2 -1.212559
0.5918367 0.4285714 2 -1.485601
0.5918367 0.4489796 2 -1.707729
0.5918367 0.4693878 2 -1.864412
0.5918367 0.4897959 2 -1.945402
0.5918367 0.5102041 2 -1.945402
0.5918367 0.5306122 2 -1.864412
0.5918367 0.5510204 2 -1.707729
0.5918367 0.5714286 2 -1.485601
0.5918367 0.5918367 2 -1.212559
0.5918367 0.6122449 2 -0.9064625
0.5918367 0.6326531 2 -0.5873325
0.5918367 0.6530612 2 -0.2760438
0.5918367 0.6734694 2 0.00704208
0.5918367 0.6938776 2 0.2434084
0.5918367 0.7142857 2 0.4175945
0.5918367 0.7346939 2 0.5182067
0.5918367 0.755102 2 0.5386639
0.5918367 0.7755102 2 0.4776281
0.5918367 0.7959184 2 0.3390916
0.5918367 0.8163265 2 0.1321161
0.5918367 0.8367347 2 -0.12976
0.5918367 0.8571429 2 -0.4294074
0.5918367 0.877551 2 -0.747226
0.5918367 0.8979592 2 -1.062427
0.5918367 0.9183673 2 -1.354394
0.5918367 0.9387755 2 -1.604028
0.5918367 0.9591837 2 -1.795001
0.5918367 0.9795918 2 -1.914822
0.5918367 1 2 -1.955652
0.6122449 0 2 -1.732707
0.6122449 0.02040816 2 -1.691877
0.6122449 0.04081633 2 -1.572056
0.6122449 0.06122449 2 -1.381083
0.6122449 0.08163265 2 -1.131449
0.6122449 0.1020408 2 -0.8394826
0.6122449 0.122449 2 -0.5242813
0.6122449 0.1428571 2 -0.2064627
0.6122449 0.1632653 2 0.09318468
0.6122449 0.1836735 2 0.3550608
0.6122449 0.2040816 2 0.5620363
0.6122449 0.2244898 2 0.7005728
0.6122449 0.244898 2 0.7616086
0.6122449 0.2653061 2 0.7411514
0.6122449 0.2857143 2 0.6405392
0.6122449 0.3061224 2 0.4663531
0.6122449 0.3265306 2 0.2299868
0.6122449 0.3469388 2 -0.05309913
0.6122449 0.3673469 2 -0.3643878
0.6122449 0.3877551 2 -0.6835178
0.6122449 0.4081633 2 -0.9896148
0.6122449 0.4285714 2 -1.262657
0.6122449 0.4489796 2 -1.484784
0.6122449 0.4693878 2 -1.641467
0.6122449 0.4897959 2 -1.722458
0.6122449 0.5102041 2 -1.722458
0.6122449 0.5306122 2 -1.641467
0.6122449 0.5510204 2 -1.484784
0.6122449 0.5714286 2 -1.262657
0.6122449 0.5918367 2 -0.9896148
0.6122449 0.6122449 2 -0.6835178
0.6122449 0.6326531 2 -0.3643878
0.6122449 0.6530612 2 -0.05309913
0.6122449 0.6734694 2 0.2299868
0.6122449 0.6938776 2 0.4663531
0.6122449 0.7142857 2 0.6405392
0.6122449 0.7346939 2 0.7411514
0.6122449 0.755102 2 0.7616086
0.6122449 0.7755102 2 0.7005728
0.6122449 0.7959184 2 0.5620363
0.6122449 0.8163265 2 0.3550608
0.6122449 0.8367347 2 0.09318468
0.6122449 0.8571429 2 -0.2064627
0.6122449 0.877551 2 -0.5242813
0.6122449 0.8979592 2 -0.8394826
0.6122449 0.9183673 2 -1.131449
0.6122449 0.9387755 2 -1.381083
0.6122449 0.9591837 2 -1.572056
0.6122449 0.9795918 2 -1.691877
0.6122449 1 2 -1.732707
0.6326531 0 2 -1.50027
0.6326531 0.02040816 2 -1.45944
0.6326531 0.04081633 2 -1.339619
0.6326531 0.06122449 2 -1.148646
0.6326531 0.08163265 2 -0.8990119
0.6326531 0.1020408 2 -0.6070454
0.6326531 0.122449 2 -0.2918441
0.6326531 0.1428571 2 0.02597456
0.6326531 0.1632653 2 0.3256219
0.6326531 0.1836735 2 0.5874981
0.6326531 0.2040816 2 0.7944735
0.6326531 0.2244898 2 0.93301
0.6326531 0.244898 2 0.9940459
0.6326531 0.2653061 2 0.9735886
0.6326531 0.2857143 2 0.8729764
0.6326531 0.3061224 2 0.6987904
0.6326531 0.3265306 2 0.462424
0.6326531 0.3469388 2 0.1793381
0.6326531 0.3673469 2 -0.1319506
0.6326531 0.3877551 2 -0.4510806
0.6326531 0.4081633 2 -0.7571775
0.6326531 0.4285714 2 -1.03022
0.6326531 0.4489796 2 -1.252347
0.6326531 0.4693878 2 -1.40903
0.6326531 0.4897959 2 -1.49002
0.6326531 0.5102041 2 -1.49002
0.6326531 0.5306122 2 -1.40903
0.6326531 0.5510204 2 -1.252347
0.6326531 0.5714286 2 -1.03022
0.6326531 0.5918367 2 -0.7571775
0.6326531 0.6122449 2 -0.4510806
0.6326531 0.6326531 2 -0.1319506
0.6326531 0.6530612 2 0.1793381
0.6326531 0.6734694 2 0.462424
0.6326531 0.6938776 2 0.6987904
0.6326531 0.7142857 2 0.8729764
0.6326531 0.7346939 2 0.9735886
0.6326531 0.755102 2 0.9940459
0.6326531 0.7755102 2 0.93301
0.6326531 0.7959184 2 0.7944735
0.6326531 0.8163265 2 0.5874981
0.6326531 0.8367347 2 0.3256219
0.6326531 0.8571429 2 0.02597456
0.6326531 0.877551 2 -0.2918441
0.6326531 0.8979592 2 -0.6070454
0.6326531 0.9183673 2 -0.8990119
0.6326531 0.9387755 2 -1.148646
0.6326531 0.9591837 2 -1.339619
0.6326531 0.9795918 2 -1.45944
0.6326531 1 2 -1.50027
0.6530612 0 2 -1.273544
0.6530612 0.02040816 2 -1.232714
0.6530612 0.04081633 2 -1.112893
0.6530612 0.06122449 2 -0.92192
0.6530612 0.08163265 2 -0.6722858
0.6530612 0.1020408 2 -0.3803193
0.6530612 0.122449 2 -0.06511802
0.6530612 0.1428571 2 0.2527006
0.6530612 0.1632653 2 0.552348
0.6530612 0.1836735 2 0.8142241
0.6530612 0.2040816 2 1.0212
0.6530612 0.2244898 2 1.159736
0.6530612 0.244898 2 1.220772
0.6530612 0.2653061 2 1.200315
0.6530612 0.2857143 2 1.099703
0.6530612 0.3061224 2 0.9255165
0.6530612 0.3265306 2 0.6891501
0.6530612 0.3469388 2 0.4060642
0.6530612 0.3673469 2 0.09477551
0.6530612 0.3877551 2 -0.2243545
0.6530612 0.4081633 2 -0.5304515
0.6530612 0.4285714 2 -0.8034935
0.6530612 0.4489796 2 -1.025621
0.6530612 0.4693878 2 -1.182304
0.6530612 0.4897959 2 -1.263294
0.6530612 0.5102041 2 -1.263294
0.6530612 0.5306122 2 -1.182304
0.6530612 0.5510204 2 -1.025621
0.6530612 0.5714286 2 -0.8034935
0.6530612 0.5918367 2 -0.5304515
0.6530612 0.6122449 2 -0.2243545
0.6530612 0.6326531 2 0.09477551
0.6530612 0.6530612 2 0.4060642
0.6530612 0.6734694 2 0.6891501
0.6530612 0.6938776 2 0.9255165
0.6530612 0.7142857 2 1.099703
0.6530612 0.7346939 2 1.200315
0.6530612 0.755102 2 1.220772
0.6530612 0.7755102 2 1.159736
0.6530612 0.7959184 2 1.0212
0.6530612 0.8163265 2 0.8142241
0.6530612 0.8367347 2 0.552348
0.6530612 0.8571429 2 0.2527006
0.6530612 0.877551 2 -0.06511802
0.6530612 0.8979592 2 -0.3803193
0.6530612 0.9183673 2 -0.6722858
0.6530612 0.9387755 2 -0.92192
0.6530612 0.9591837 2 -1.112893
0.6530612 0.9795918 2 -1.232714
0.6530612 1 2 -1.273544
0.6734694 0 2 -1.067359
0.6734694 0.02040816 2 -1.026529
0.6734694 0.04081633 2 -0.9067084
0.6734694 0.06122449 2 -0.7157353
0.6734694 0.08163265 2 -0.4661012
0.6734694 0.1020408 2 -0.1741346
0.6734694 0.122449 2 0.1410666
0.6734694 0.1428571 2 0.4588853
0.6734694 0.1632653 2 0.7585327
0.6734694 0.1836735 2 1.020409
0.6734694 0.2040816 2 1.227384
0.6734694 0.2244898 2 1.365921
0.6734694 0.244898 2 1.426957
0.6734694 0.2653061 2 1.406499
0.6734694 0.2857143 2 1.305887
0.6734694 0.3061224 2 1.131701
0.6734694 0.3265306 2 0.8953347
0.6734694 0.3469388 2 0.6122488
0.6734694 0.3673469 2 0.3009602
0.6734694 0.3877551 2 -0.01816985
0.6734694 0.4081633 2 -0.3242668
0.6734694 0.4285714 2 -0.5973088
0.6734694 0.4489796 2 -0.8194361
0.6734694 0.4693878 2 -0.9761193
0.6734694 0.4897959 2 -1.05711
0.6734694 0.5102041 2 -1.05711
0.6734694 0.5306122 2 -0.9761193
0.6734694 0.5510204 2 -0.8194361
0.6734694 0.5714286 2 -0.5973088
0.6734694 0.5918367 2 -0.3242668
0.6734694 0.6122449 2 -0.01816985
0.6734694 0.6326531 2 0.3009602
0.6734694 0.6530612 2 0.6122488
0.6734694 0.6734694 2 0.8953347
0.6734694 0.6938776 2 1.131701
0.6734694 0.7142857 2 1.305887
0.6734694 0.7346939 2 1.406499
0.6734694 0.755102 2 1.426957
0.6734694 0.7755102 2 1.365921
0.6734694 0.7959184 2 1.227384
0.6734694 0.8163265 2 1.020409
0.6734694 0.8367347 2 0.7585327
0.6734694 0.8571429 2 0.4588853
0.6734694 0.877551 2 0.1410666
0.6734694 0.8979592 2 -0.1741346
0.6734694 0.9183673 2 -0.4661012
0.6734694 0.9387755 2 -0.7157353
0.6734694 0.9591837 2 -0.9067084
0.6734694 0.9795918 2 -1.026529
0.6734694 1 2 -1.067359
0.6938776 0 2 -0.8952027
0.6938776 0.02040816 2 -0.8543723
0.6938776 0.04081633 2 -0.7345518
0.6938776 0.06122449 2 -0.5435787
0.6938776 0.08163265 2 -0.2939445
0.6938776 0.1020408 2 -0.001977997
0.6938776 0.122449 2 0.3132233
0.6938776 0.1428571 2 0.6310419
0.6938776 0.1632653 2 0.9306893
0.6938776 0.1836735 2 1.192565
0.6938776 0.2040816 2 1.399541
0.6938776 0.2244898 2 1.538077
0.6938776 0.244898 2 1.599113
0.6938776 0.2653061 2 1.578656
0.6938776 0.2857143 2 1.478044
0.6938776 0.3061224 2 1.303858
0.6938776 0.3265306 2 1.067491
0.6938776 0.3469388 2 0.7844055
0.6938776 0.3673469 2 0.4731168
0.6938776 0.3877551 2 0.1539868
0.6938776 0.4081633 2 -0.1521102
0.6938776 0.4285714 2 -0.4251522
0.6938776 0.4489796 2 -0.6472795
0.6938776 0.4693878 2 -0.8039627
0.6938776 0.4897959 2 -0.8849531
0.6938776 0.5102041 2 -0.8849531
0.6938776 0.5306122 2 -0.8039627
0.6938776 0.5510204 2 -0.6472795
0.6938776 0.5714286 2 -0.4251522
0.6938776 0.5918367 2 -0.1521102
0.6938776 0.6122449 2 0.1539868
0.6938776 0.6326531 2 0.4731168
0.6938776 0.6530612 2 0.7844055
0.6938776 0.6734694 2 1.067491
0.6938776 0.6938776 2 1.303858
0.6938776 0.7142857 2 1.478044
0.6938776 0.7346939 2 1.578656
0.6938776 0.755102 2 1.599113
0.6938776 0.7755102 2 1.538077
0.6938776 0.7959184 2 1.399541
0.6938776 0.8163265 2 1.192565
0.6938776 0.8367347 2 0.9306893
0.6938776 0.8571429 2 0.6310419
0.6938776 0.877551 2 0.3132233
0.6938776 0.8979592 2 -0.001977997
0.6938776 0.9183673 2 -0.2939445
0.6938776 0.9387755 2 -0.5435787
0.6938776 0.9591837 2 -0.7345518
0.6938776 0.9795918 2 -0.8543723
0.6938776 1 2 -0.8952027
0.7142857 0 2 -0.7683349
0.7142857 0.02040816 2 -0.7275045
0.7142857 0.04081633 2 -0.607684
0.7142857 0.06122449 2 -0.4167108
0.7142857 0.08163265 2 -0.1670767
0.7142857 0.1020408 2 0.1248898
0.7142857 0.122449 2 0.4400911
0.7142857 0.1428571 2 0.7579097
0.7142857 0.1632653 2 1.057557
0.7142857 0.1836735 2 1.319433
0.7142857 0.2040816 2 1.526409
0.7142857 0.2244898 2 1.664945
0.7142857 0.244898 2 1.725981
0.7142857 0.2653061 2 1.705524
0.7142857 0.2857143 2 1.604912
0.7142857 0.3061224 2 1.430726
0.7142857 0.3265306 2 1.194359
0.7142857 0.3469388 2 0.9112733
0.7142857 0.3673469 2 0.5999846
0.7142857 0.3877551 2 0.2808546
0.7142857 0.4081633 2 -0.02524233
0.7142857 0.4285714 2 -0.2982843
0.7142857 0.4489796 2 -0.5204116
0.7142857 0.4693878 2 -0.6770948
0.7142857 0.4897959 2 -0.7580852
0.7142857 0.5102041 2 -0.7580852
0.7142857 0.5306122 2 -0.6770948
0.7142857 0.5510204 2 -0.5204116
0.7142857 0.5714286 2 -0.2982843
0.7142857 0.5918367 2 -0.02524233
0.7142857 0.6122449 2 0.2808546
0.7142857 0.6326531 2 0.5999846
0.7142857 0.6530612 2 0.9112733
0.7142857 0.6734694 2 1.194359
0.7142857 0.6938776 2 1.430726
0.7142857 0.7142857 2 1.604912
0.7142857 0.7346939 2 1.705524
0.7142857 0.755102 2 1.725981
0.7142857 0.7755102 2 1.664945
0.7142857 0.7959184 2 1.526409
0.7142857 0.8163265 2 1.319433
0.7142857 0.8367347 2 1.057557
0.7142857 0.8571429 2 0.7579097
0.7142857 0.877551 2 0.4400911
0.7142857 0.8979592 2 0.1248898
0.7142857 0.9183673 2 -0.1670767
0.7142857 0.9387755 2 -0.4167108
0.7142857 0.9591837 2 -0.607684
0.7142857 0.9795918 2 -0.7275045
0.7142857 1 2 -0.7683349
0.7346939 0 2 -0.6950544
0.7346939 0.02040816 2 -0.654224
0.7346939 0.04081633 2 -0.5344034
0.7346939 0.06122449 2 -0.3434303
0.7346939 0.08163265 2 -0.09379615
0.7346939 0.1020408 2 0.1981704
0.7346939 0.122449 2 0.5133716
0.7346939 0.1428571 2 0.8311903
0.7346939 0.1632653 2 1.130838
0.7346939 0.1836735 2 1.392714
0.7346939 0.2040816 2 1.599689
0.7346939 0.2244898 2 1.738226
0.7346939 0.244898 2 1.799262
0.7346939 0.2653061 2 1.778804
0.7346939 0.2857143 2 1.678192
0.7346939 0.3061224 2 1.504006
0.7346939 0.3265306 2 1.26764
0.7346939 0.3469388 2 0.9845539
0.7346939 0.3673469 2 0.6732652
0.7346939 0.3877551 2 0.3541352
0.7346939 0.4081633 2 0.04803821
0.7346939 0.4285714 2 -0.2250038
0.7346939 0.4489796 2 -0.4471311
0.7346939 0.4693878 2 -0.6038143
0.7346939 0.4897959 2 -0.6848047
0.7346939 0.5102041 2 -0.6848047
0.7346939 0.5306122 2 -0.6038143
0.7346939 0.5510204 2 -0.4471311
0.7346939 0.5714286 2 -0.2250038
0.7346939 0.5918367 2 0.04803821
0.7346939 0.6122449 2 0.3541352
0.7346939 0.6326531 2 0.6732652
0.7346939 0.6530612 2 0.9845539
0.7346939 0.6734694 2 1.26764
0.7346939 0.6938776 2 1.504006
0.7346939 0.7142857 2 1.678192
0.7346939 0.7346939 2 1.778804
0.7346939 0.755102 2 1.799262
0.7346939 0.7755102 2 1.738226
0.7346939 0.7959184 2 1.599689
0.7346939 0.8163265 2 1.392714
0.7346939 0.8367347 2 1.130838
0.7346939 0.8571429 2 0.8311903
0.7346939 0.877551 2 0.5133716
0.7346939 0.8979592 2 0.1981704
0.7346939 0.9183673 2 -0.09379615
0.7346939 0.9387755 2 -0.3434303
0.7346939 0.9591837 2 -0.5344034
0.7346939 0.9795918 2 -0.654224
0.7346939 1 2 -0.6950544
0.755102 0 2 -0.6801544
0.755102 0.02040816 2 -0.639324
0.755102 0.04081633 2 -0.5195035
0.755102 0.06122449 2 -0.3285303
0.755102 0.08163265 2 -0.07889619
0.755102 0.1020408 2 0.2130703
0.755102 0.122449 2 0.5282716
0.755102 0.1428571 2 0.8460902
0.755102 0.1632653 2 1.145738
0.755102 0.1836735 2 1.407614
0.755102 0.2040816 2 1.614589
0.755102 0.2244898 2 1.753126
0.755102 0.244898 2 1.814162
0.755102 0.2653061 2 1.793704
0.755102 0.2857143 2 1.693092
0.755102 0.3061224 2 1.518906
0.755102 0.3265306 2 1.28254
0.755102 0.3469388 2 0.9994538
0.755102 0.3673469 2 0.6881651
0.755102 0.3877551 2 0.3690351
0.755102 0.4081633 2 0.06293817
0.755102 0.4285714 2 -0.2101038
0.755102 0.4489796 2 -0.4322311
0.755102 0.4693878 2 -0.5889143
0.755102 0.4897959 2 -0.6699047
0.755102 0.5102041 2 -0.6699047
0.755102 0.5306122 2 -0.5889143
0.755102 0.5510204 2 -0.4322311
0.755102 0.5714286 2 -0.2101038
0.755102 0.5918367 2 0.06293817
0.755102 0.6122449 2 0.3690351
0.755102 0.6326531 2 0.6881651
0.755102 0.6530612 2 0.9994538
0.755102 0.6734694 2 1.28254
0.755102 0.6938776 2 1.518906
0.755102 0.7142857 2 1.693092
0.755102 0.7346939 2 1.793704
0.755102 0.755102 2 1.814162
0.755102 0.7755102 2 1.753126
0.755102 0.7959184 2 1.614589
0.755102 0.8163265 2 1.407614
0.755102 0.8367347 2 1.145738
0.755102 0.8571429 2 0.8460902
0.755102 0.877551 2 0.5282716
0.755102 0.8979592 2 0.2130703
0.755102 0.9183673 2 -0.07889619
0.755102 0.9387755 2 -0.3285303
0.755102 0.9591837 2 -0.5195035
0.755102 0.9795918 2 -0.639324
0.755102 1 2 -0.6801544
0.7755102 0 2 -0.7246096
0.7755102 0.02040816 2 -0.6837792
0.7755102 0.04081633 2 -0.5639587
0.7755102 0.06122449 2 -0.3729856
0.7755102 0.08163265 2 -0.1233514
0.7755102 0.1020408 2 0.1686151
0.7755102 0.122449 2 0.4838164
0.7755102 0.1428571 2 0.801635
0.7755102 0.1632653 2 1.101282
0.7755102 0.1836735 2 1.363159
0.7755102 0.2040816 2 1.570134
0.7755102 0.2244898 2 1.708671
0.7755102 0.244898 2 1.769706
0.7755102 0.2653061 2 1.749249
0.7755102 0.2857143 2 1.648637
0.7755102 0.3061224 2 1.474451
0.7755102 0.3265306 2 1.238084
0.7755102 0.3469388 2 0.9549986
0.7755102 0.3673469 2 0.6437099
0.7755102 0.3877551 2 0.3245799
0.7755102 0.4081633 2 0.01848294
0.7755102 0.4285714 2 -0.2545591
0.7755102 0.4489796 2 -0.4766864
0.7755102 0.4693878 2 -0.6333696
0.7755102 0.4897959 2 -0.71436
0.7755102 0.5102041 2 -0.71436
0.7755102 0.5306122 2 -0.6333696
0.7755102 0.5510204 2 -0.4766864
0.7755102 0.5714286 2 -0.2545591
0.7755102 0.5918367 2 0.01848294
0.7755102 0.6122449 2 0.3245799
0.7755102 0.6326531 2 0.6437099
0.7755102 0.6530612 2 0.9549986
0.7755102 0.6734694 2 1.238084
0.7755102 0.6938776 2 1.474451
0.7755102 0.7142857 2 1.648637
0.7755102 0.7346939 2 1.749249
0.7755102 0.755102 2 1.769706
0.7755102 0.7755102 2 1.708671
0.7755102 0.7959184 2 1.570134
0.7755102 0.8163265 2 1.363159
0.7755102 0.8367347 2 1.101282
0.7755102 0.8571429 2 0.801635
0.7755102 0.877551 2 0.4838164
0.7755102 0.8979592 2 0.1686151
0.7755102 0.9183673 2 -0.1233514
0.7755102 0.9387755 2 -0.3729856
0.7755102 0.9591837 2 -0.5639587
0.7755102 0.9795918 2 -0.6837792
0.7755102 1 2 -0.7246096
0.7959184 0 2 -0.8255122
0.7959184 0.02040816 2 -0.7846818
0.7959184 0.04081633 2 -0.6648613
0.7959184 0.06122449 2 -0.4738882
0.7959184 0.08163265 2 -0.224254
0.7959184 0.1020408 2 0.06771251
0.7959184 0.122449 2 0.3829138
0.7959184 0.1428571 2 0.7007324
0.7959184 0.1632653 2 1.00038
0.7959184 0.1836735 2 1.262256
0.7959184 0.2040816 2 1.469231
0.7959184 0.2244898 2 1.607768
0.7959184 0.244898 2 1.668804
0.7959184 0.2653061 2 1.648346
0.7959184 0.2857143 2 1.547734
0.7959184 0.3061224 2 1.373548
0.7959184 0.3265306 2 1.137182
0.7959184 0.3469388 2 0.854096
0.7959184 0.3673469 2 0.5428073
0.7959184 0.3877551 2 0.2236773
0.7959184 0.4081633 2 -0.08241965
0.7959184 0.4285714 2 -0.3554617
0.7959184 0.4489796 2 -0.577589
0.7959184 0.4693878 2 -0.7342722
0.7959184 0.4897959 2 -0.8152626
0.7959184 0.5102041 2 -0.8152626
0.7959184 0.5306122 2 -0.7342722
0.7959184 0.5510204 2 -0.577589
0.7959184 0.5714286 2 -0.3554617
0.7959184 0.5918367 2 -0.08241965
0.7959184 0.6122449 2 0.2236773
0.7959184 0.6326531 2 0.5428073
0.7959184 0.6530612 2 0.854096
0.7959184 0.6734694 2 1.137182
0.7959184 0.6938776 2 1.373548
0.7959184 0.7142857 2 1.547734
0.7959184 0.7346939 2 1.648346
0.7959184 0.755102 2 1.668804
0.7959184 0.7755102 2 1.607768
0.7959184 0.7959184 2 1.469231
0.7959184 0.8163265 2 1.262256
0.7959184 0.8367347 2 1.00038
0.7959184 0.8571429 2 0.7007324
0.7959184 0.877551 2 0.3829138
0.7959184 0.8979592 2 0.06771251
0.7959184 0.9183673 2 -0.224254
0.7959184 0.9387755 2 -0.4738882
0.7959184 0.9591837 2 -0.6648613
0.7959184 0.9795918 2 -0.7846818
0.7959184 1 2 -0.8255122
0.8163265 0 2 -0.9762621
0.8163265 0.02040816 2 -0.9354317
0.8163265 0.04081633 2 -0.8156112
0.8163265 0.06122449 2 -0.624638
0.8163265 0.08163265 2 -0.3750039
0.8163265 0.1020408 2 -0.08303738
0.8163265 0.122449 2 0.2321639
0.8163265 0.1428571 2 0.5499825
0.8163265 0.1632653 2 0.8496299
0.8163265 0.1836735 2 1.111506
0.8163265 0.2040816 2 1.318482
0.8163265 0.2244898 2 1.457018
0.8163265 0.244898 2 1.518054
0.8163265 0.2653061 2 1.497597
0.8163265 0.2857143 2 1.396984
0.8163265 0.3061224 2 1.222798
0.8163265 0.3265306 2 0.986432
0.8163265 0.3469388 2 0.7033461
0.8163265 0.3673469 2 0.3920574
0.8163265 0.3877551 2 0.07292741
0.8163265 0.4081633 2 -0.2331695
0.8163265 0.4285714 2 -0.5062115
0.8163265 0.4489796 2 -0.7283388
0.8163265 0.4693878 2 -0.885022
0.8163265 0.4897959 2 -0.9660124
0.8163265 0.5102041 2 -0.9660124
0.8163265 0.5306122 2 -0.885022
0.8163265 0.5510204 2 -0.7283388
0.8163265 0.5714286 2 -0.5062115
0.8163265 0.5918367 2 -0.2331695
0.8163265 0.6122449 2 0.07292741
0.8163265 0.6326531 2 0.3920574
0.8163265 0.6530612 2 0.7033461
0.8163265 0.6734694 2 0.986432
0.8163265 0.6938776 2 1.222798
0.8163265 0.7142857 2 1.396984
0.8163265 0.7346939 2 1.497597
0.8163265 0.755102 2 1.518054
0.8163265 0.7755102 2 1.457018
0.8163265 0.7959184 2 1.318482
0.8163265 0.8163265 2 1.111506
0.8163265 0.8367347 2 0.8496299
0.8163265 0.8571429 2 0.5499825
0.8163265 0.877551 2 0.2321639
0.8163265 0.8979592 2 -0.08303738
0.8163265 0.9183673 2 -0.3750039
0.8163265 0.9387755 2 -0.624638
0.8163265 0.9591837 2 -0.8156112
0.8163265 0.9795918 2 -0.9354317
0.8163265 1 2 -0.9762621
0.8367347 0 2 -1.166999
0.8367347 0.02040816 2 -1.126168
0.8367347 0.04081633 2 -1.006348
0.8367347 0.06122449 2 -0.8153746
0.8367347 0.08163265 2 -0.5657405
0.8367347 0.1020408 2 -0.273774
0.8367347 0.122449 2 0.04142731
0.8367347 0.1428571 2 0.3592459
0.8367347 0.1632653 2 0.6588933
0.8367347 0.1836735 2 0.9207695
0.8367347 0.2040816 2 1.127745
0.8367347 0.2244898 2 1.266281
0.8367347 0.244898 2 1.327317
0.8367347 0.2653061 2 1.30686
0.8367347 0.2857143 2 1.206248
0.8367347 0.3061224 2 1.032062
0.8367347 0.3265306 2 0.7956954
0.8367347 0.3469388 2 0.5126095
0.8367347 0.3673469 2 0.2013208
0.8367347 0.3877551 2 -0.1178092
0.8367347 0.4081633 2 -0.4239061
0.8367347 0.4285714 2 -0.6969481
0.8367347 0.4489796 2 -0.9190754
0.8367347 0.4693878 2 -1.075759
0.8367347 0.4897959 2 -1.156749
0.8367347 0.5102041 2 -1.156749
0.8367347 0.5306122 2 -1.075759
0.8367347 0.5510204 2 -0.9190754
0.8367347 0.5714286 2 -0.6969481
0.8367347 0.5918367 2 -0.4239061
0.8367347 0.6122449 2 -0.1178092
0.8367347 0.6326531 2 0.2013208
0.8367347 0.6530612 2 0.5126095
0.8367347 0.6734694 2 0.7956954
0.8367347 0.6938776 2 1.032062
0.8367347 0.7142857 2 1.206248
0.8367347 0.7346939 2 1.30686
0.8367347 0.755102 2 1.327317
0.8367347 0.7755102 2 1.266281
0.8367347 0.7959184 2 1.127745
0.8367347 0.8163265 2 0.9207695
0.8367347 0.8367347 2 0.6588933
0.8367347 0.8571429 2 0.3592459
0.8367347 0.877551 2 0.04142731
0.8367347 0.8979592 2 -0.273774
0.8367347 0.9183673 2 -0.5657405
0.8367347 0.9387755 2 -0.8153746
0.8367347 0.9591837 2 -1.006348
0.8367347 0.9795918 2 -1.126168
0.8367347 1 2 -1.166999
0.8571429 0 2 -1.385246
0.8571429 0.02040816 2 -1.344415
0.8571429 0.04081633 2 -1.224595
0.8571429 0.06122449 2 -1.033622
0.8571429 0.08163265 2 -0.7839877
0.8571429 0.1020408 2 -0.4920211
0.8571429 0.122449 2 -0.1768199
0.8571429 0.1428571 2 0.1409988
0.8571429 0.1632653 2 0.4406462
0.8571429 0.1836735 2 0.7025223
0.8571429 0.2040816 2 0.9094978
0.8571429 0.2244898 2 1.048034
0.8571429 0.244898 2 1.10907
0.8571429 0.2653061 2 1.088613
0.8571429 0.2857143 2 0.9880007
0.8571429 0.3061224 2 0.8138146
0.8571429 0.3265306 2 0.5774482
0.8571429 0.3469388 2 0.2943624
0.8571429 0.3673469 2 -0.01692633
0.8571429 0.3877551 2 -0.3360563
0.8571429 0.4081633 2 -0.6421533
0.8571429 0.4285714 2 -0.9151953
0.8571429 0.4489796 2 -1.137323
0.8571429 0.4693878 2 -1.294006
0.8571429 0.4897959 2 -1.374996
0.8571429 0.5102041 2 -1.374996
0.8571429 0.5306122 2 -1.294006
0.8571429 0.5510204 2 -1.137323
0.8571429 0.5714286 2 -0.9151953
0.8571429 0.5918367 2 -0.6421533
0.8571429 0.6122449 2 -0.3360563
0.8571429 0.6326531 2 -0.01692633
0.8571429 0.6530612 2 0.2943624
0.8571429 0.6734694 2 0.5774482
0.8571429 0.6938776 2 0.8138146
0.8571429 0.7142857 2 0.9880007
0.8571429 0.7346939 2 1.088613
0.8571429 0.755102 2 1.10907
0.8571429 0.7755102 2 1.048034
0.8571429 0.7959184 2 0.9094978
0.8571429 0.8163265 2 0.7025223
0.8571429 0.8367347 2 0.4406462
0.8571429 0.8571429 2 0.1409988
0.8571429 0.877551 2 -0.1768199
0.8571429 0.8979592 2 -0.4920211
0.8571429 0.9183673 2 -0.7839877
0.8571429 0.9387755 2 -1.033622
0.8571429 0.9591837 2 -1.224595
0.8571429 0.9795918 2 -1.344415
0.8571429 1 2 -1.385246
0.877551 0 2 -1.616728
0.877551 0.02040816 2 -1.575898
0.877551 0.04081633 2 -1.456077
0.877551 0.06122449 2 -1.265104
0.877551 0.08163265 2 -1.01547
0.877551 0.1020408 2 -0.7235033
0.877551 0.122449 2 -0.408302
0.877551 0.1428571 2 -0.09048335
0.877551 0.1632653 2 0.209164
0.877551 0.1836735 2 0.4710402
0.877551 0.2040816 2 0.6780156
0.877551 0.2244898 2 0.8165521
0.877551 0.244898 2 0.877588
0.877551 0.2653061 2 0.8571307
0.877551 0.2857143 2 0.7565185
0.877551 0.3061224 2 0.5823325
0.877551 0.3265306 2 0.3459661
0.877551 0.3469388 2 0.06288022
0.877551 0.3673469 2 -0.2484085
0.877551 0.3877551 2 -0.5675385
0.877551 0.4081633 2 -0.8736354
0.877551 0.4285714 2 -1.146677
0.877551 0.4489796 2 -1.368805
0.877551 0.4693878 2 -1.525488
0.877551 0.4897959 2 -1.606478
0.877551 0.5102041 2 -1.606478
0.877551 0.5306122 2 -1.525488
0.877551 0.5510204 2 -1.368805
0.877551 0.5714286 2 -1.146677
0.877551 0.5918367 2 -0.8736354
0.877551 0.6122449 2 -0.5675385
0.877551 0.6326531 2 -0.2484085
0.877551 0.6530612 2 0.06288022
0.877551 0.6734694 2 0.3459661
0.877551 0.6938776 2 0.5823325
0.877551 0.7142857 2 0.7565185
0.877551 0.7346939 2 0.8571307
0.877551 0.755102 2 0.877588
0.877551 0.7755102 2 0.8165521
0.877551 0.7959184 2 0.6780156
0.877551 0.8163265 2 0.4710402
0.877551 0.8367347 2 0.209164
0.877551 0.8571429 2 -0.09048335
0.877551 0.877551 2 -0.408302
0.877551 0.8979592 2 -0.7235033
0.877551 0.9183673 2 -1.01547
0.877551 0.9387755 2 -1.265104
0.877551 0.9591837 2 -1.456077
0.877551 0.9795918 2 -1.575898
0.877551 1 2 -1.616728
0.8979592 0 2 -1.846304
0.8979592 0.02040816 2 -1.805473
0.8979592 0.04081633 2 -1.685653
0.8979592 0.06122449 2 -1.49468
0.8979592 0.08163265 2 -1.245046
0.8979592 0.1020408 2 -0.9530791
0.8979592 0.122449 2 -0.6378778
0.8979592 0.1428571 2 -0.3200591
0.8979592 0.1632653 2 -0.02041175
0.8979592 0.1836735 2 0.2414644
0.8979592 0.2040816 2 0.4484399
0.8979592 0.2244898 2 0.5869764
0.8979592 0.244898 2 0.6480122
0.8979592 0.2653061 2 0.6275549
0.8979592 0.2857143 2 0.5269427
0.8979592 0.3061224 2 0.3527567
0.8979592 0.3265306 2 0.1163903
0.8979592 0.3469388 2 -0.1666956
0.8979592 0.3673469 2 -0.4779842
0.8979592 0.3877551 2 -0.7971143
0.8979592 0.4081633 2 -1.103211
0.8979592 0.4285714 2 -1.376253
0.8979592 0.4489796 2 -1.598381
0.8979592 0.4693878 2 -1.755064
0.8979592 0.4897959 2 -1.836054
0.8979592 0.5102041 2 -1.836054
0.8979592 0.5306122 2 -1.755064
0.8979592 0.5510204 2 -1.598381
0.8979592 0.5714286 2 -1.376253
0.8979592 0.5918367 2 -1.103211
0.8979592 0.6122449 2 -0.7971143
0.8979592 0.6326531 2 -0.4779842
0.8979592 0.6530612 2 -0.1666956
0.8979592 0.6734694 2 0.1163903
0.8979592 0.6938776 2 0.3527567
0.8979592 0.7142857 2 0.5269427
0.8979592 0.7346939 2 0.6275549
0.8979592 0.755102 2 0.6480122
0.8979592 0.7755102 2 0.5869764
0.8979592 0.7959184 2 0.4484399
0.8979592 0.8163265 2 0.2414644
0.8979592 0.8367347 2 -0.02041175
0.8979592 0.8571429 2 -0.3200591
0.8979592 0.877551 2 -0.6378778
0.8979592 0.8979592 2 -0.9530791
0.8979592 0.9183673 2 -1.245046
0.8979592 0.9387755 2 -1.49468
0.8979592 0.9591837 2 -1.685653
0.8979592 0.9795918 2 -1.805473
0.8979592 1 2 -1.846304
0.9183673 0 2 -2.058957
0.9183673 0.02040816 2 -2.018126
0.9183673 0.04081633 2 -1.898306
0.9183673 0.06122449 2 -1.707333
0.9183673 0.08163265 2 -1.457698
0.9183673 0.1020408 2 -1.165732
0.9183673 0.122449 2 -0.8505306
0.9183673 0.1428571 2 -0.532712
0.9183673 0.1632653 2 -0.2330646
0.9183673 0.1836735 2 0.02881155
0.9183673 0.2040816 2 0.235787
0.9183673 0.2244898 2 0.3743235
0.9183673 0.244898 2 0.4353593
0.9183673 0.2653061 2 0.4149021
0.9183673 0.2857143 2 0.3142899
0.9183673 0.3061224 2 0.1401039
0.9183673 0.3265306 2 -0.0962625
0.9183673 0.3469388 2 -0.3793484
0.9183673 0.3673469 2 -0.6906371
0.9183673 0.3877551 2 -1.009767
0.9183673 0.4081633 2 -1.315864
0.9183673 0.4285714 2 -1.588906
0.9183673 0.4489796 2 -1.811033
0.9183673 0.4693878 2 -1.967717
0.9183673 0.4897959 2 -2.048707
0.9183673 0.5102041 2 -2.048707
0.9183673 0.5306122 2 -1.967717
0.9183673 0.5510204 2 -1.811033
0.9183673 0.5714286 2 -1.588906
0.9183673 0.5918367 2 -1.315864
0.9183673 0.6122449 2 -1.009767
0.9183673 0.6326531 2 -0.6906371
0.9183673 0.6530612 2 -0.3793484
0.9183673 0.6734694 2 -0.0962625
0.9183673 0.6938776 2 0.1401039
0.9183673 0.7142857 2 0.3142899
0.9183673 0.7346939 2 0.4149021
0.9183673 0.755102 2 0.4353593
0.9183673 0.7755102 2 0.3743235
0.9183673 0.7959184 2 0.235787
0.9183673 0.8163265 2 0.02881155
0.9183673 0.8367347 2 -0.2330646
0.9183673 0.8571429 2 -0.532712
0.9183673 0.877551 2 -0.8505306
0.9183673 0.8979592 2 -1.165732
0.9183673 0.9183673 2 -1.457698
0.9183673 0.9387755 2 -1.707333
0.9183673 0.9591837 2 -1.898306
0.9183673 0.9795918 2 -2.018126
0.9183673 1 2 -2.058957
0.9387755 0 2 -2.240777
0.9387755 0.02040816 2 -2.199946
0.9387755 0.04081633 2 -2.080126
0.9387755 0.06122449 2 -1.889153
0.9387755 0.08163265 2 -1.639519
0.9387755 0.1020408 2 -1.347552
0.9387755 0.122449 2 -1.032351
0.9387755 0.1428571 2 -0.7145322
0.9387755 0.1632653 2 -0.4148848
0.9387755 0.1836735 2 -0.1530086
0.9387755 0.2040816 2 0.05396684
0.9387755 0.2244898 2 0.1925033
0.9387755 0.244898 2 0.2535392
0.9387755 0.2653061 2 0.2330819
0.9387755 0.2857143 2 0.1324697
0.9387755 0.3061224 2 -0.04171632
0.9387755 0.3265306 2 -0.2780827
0.9387755 0.3469388 2 -0.5611686
0.9387755 0.3673469 2 -0.8724573
0.9387755 0.3877551 2 -1.191587
0.9387755 0.4081633 2 -1.497684
0.9387755 0.4285714 2 -1.770726
0.9387755 0.4489796 2 -1.992854
0.9387755 0.4693878 2 -2.149537
0.9387755 0.4897959 2 -2.230527
0.9387755 0.5102041 2 -2.230527
0.9387755 0.5306122 2 -2.149537
0.9387755 0.5510204 2 -1.992854
0.9387755 0.5714286 2 -1.770726
0.9387755 0.5918367 2 -1.497684
0.9387755 0.6122449 2 -1.191587
0.9387755 0.6326531 2 -0.8724573
0.9387755 0.6530612 2 -0.5611686
0.9387755 0.6734694 2 -0.2780827
0.9387755 0.6938776 2 -0.04171632
0.9387755 0.7142857 2 0.1324697
0.9387755 0.7346939 2 0.2330819
0.9387755 0.755102 2 0.2535392
0.9387755 0.7755102 2 0.1925033
0.9387755 0.7959184 2 0.05396684
0.9387755 0.8163265 2 -0.1530086
0.9387755 0.8367347 2 -0.4148848
0.9387755 0.8571429 2 -0.7145322
0.9387755 0.877551 2 -1.032351
0.9387755 0.8979592 2 -1.347552
0.9387755 0.9183673 2 -1.639519
0.9387755 0.9387755 2 -1.889153
0.9387755 0.9591837 2 -2.080126
0.9387755 0.9795918 2 -2.199946
0.9387755 1 2 -2.240777
0.9591837 0 2 -2.379871
0.9591837 0.02040816 2 -2.339041
0.9591837 0.04081633 2 -2.219221
0.9591837 0.06122449 2 -2.028247
0.9591837 0.08163265 2 -1.778613
0.9591837 0.1020408 2 -1.486647
0.9591837 0.122449 2 -1.171445
0.9591837 0.1428571 2 -0.8536268
0.9591837 0.1632653 2 -0.5539794
0.9591837 0.1836735 2 -0.2921033
0.9591837 0.2040816 2 -0.0851278
0.9591837 0.2244898 2 0.0534087
0.9591837 0.244898 2 0.1144445
0.9591837 0.2653061 2 0.09398728
0.9591837 0.2857143 2 -0.006624906
0.9591837 0.3061224 2 -0.180811
0.9591837 0.3265306 2 -0.4171773
0.9591837 0.3469388 2 -0.7002632
0.9591837 0.3673469 2 -1.011552
0.9591837 0.3877551 2 -1.330682
0.9591837 0.4081633 2 -1.636779
0.9591837 0.4285714 2 -1.909821
0.9591837 0.4489796 2 -2.131948
0.9591837 0.4693878 2 -2.288631
0.9591837 0.4897959 2 -2.369622
0.9591837 0.5102041 2 -2.369622
0.9591837 0.5306122 2 -2.288631
0.9591837 0.5510204 2 -2.131948
0.9591837 0.5714286 2 -1.909821
0.9591837 0.5918367 2 -1.636779
0.9591837 0.6122449 2 -1.330682
0.9591837 0.6326531 2 -1.011552
0.9591837 0.6530612 2 -0.7002632
0.9591837 0.6734694 2 -0.4171773
0.9591837 0.6938776 2 -0.180811
0.9591837 0.7142857 2 -0.006624906
0.9591837 0.7346939 2 0.09398728
0.9591837 0.755102 2 0.1144445
0.9591837 0.7755102 2 0.0534087
0.9591837 0.7959184 2 -0.0851278
0.9591837 0.8163265 2 -0.2921033
0.9591837 0.8367347 2 -0.5539794
0.9591837 0.8571429 2 -0.8536268
0.9591837 0.877551 2 -1.171445
0.9591837 0.8979592 2 -1.486647
0.9591837 0.9183673 2 -1.778613
0.9591837 0.9387755 2 -2.028247
0.9591837 0.9591837 2 -2.219221
0.9591837 0.9795918 2 -2.339041
0.9591837 1 2 -2.379871
0.9795918 0 2 -2.467142
0.9795918 0.02040816 2 -2.426312
0.9795918 0.04081633 2 -2.306491
0.9795918 0.06122449 2 -2.115518
0.9795918 0.08163265 2 -1.865884
0.9795918 0.1020408 2 -1.573918
0.9795918 0.122449 2 -1.258716
0.9795918 0.1428571 2 -0.9408977
0.9795918 0.1632653 2 -0.6412503
0.9795918 0.1836735 2 -0.3793741
0.9795918 0.2040816 2 -0.1723987
0.9795918 0.2244898 2 -0.03386217
0.9795918 0.244898 2 0.02717364
0.9795918 0.2653061 2 0.006716401
0.9795918 0.2857143 2 -0.09389578
0.9795918 0.3061224 2 -0.2680818
0.9795918 0.3265306 2 -0.5044482
0.9795918 0.3469388 2 -0.7875341
0.9795918 0.3673469 2 -1.098823
0.9795918 0.3877551 2 -1.417953
0.9795918 0.4081633 2 -1.72405
0.9795918 0.4285714 2 -1.997092
0.9795918 0.4489796 2 -2.219219
0.9795918 0.4693878 2 -2.375902
0.9795918 0.4897959 2 -2.456893
0.9795918 0.5102041 2 -2.456893
0.9795918 0.5306122 2 -2.375902
0.9795918 0.5510204 2 -2.219219
0.9795918 0.5714286 2 -1.997092
0.9795918 0.5918367 2 -1.72405
0.9795918 0.6122449 2 -1.417953
0.9795918 0.6326531 2 -1.098823
0.9795918 0.6530612 2 -0.7875341
0.9795918 0.6734694 2 -0.5044482
0.9795918 0.6938776 2 -0.2680818
0.9795918 0.7142857 2 -0.09389578
0.9795918 0.7346939 2 0.006716401
0.9795918 0.755102 2 0.02717364
0.9795918 0.7755102 2 -0.03386217
0.9795918 0.7959184 2 -0.1723987
0.9795918 0.8163265 2 -0.3793741
0.9795918 0.8367347 2 -0.6412503
0.9795918 0.8571429 2 -0.9408977
0.9795918 0.877551 2 -1.258716
0.9795918 0.8979592 2 -1.573918
0.9795918 0.9183673 2 -1.865884
0.9795918 0.9387755 2 -2.115518
0.9795918 0.9591837 2 -2.306491
0.9795918 0.9795918 2 -2.426312
0.9795918 1 2 -2.467142
1 0 2 -2.496881
1 0.02040816 2 -2.456051
1 0.04081633 2 -2.33623
1 0.06122449 2 -2.145257
1 0.08163265 2 -1.895623
1 0.1020408 2 -1.603656
1 0.122449 2 -1.288455
1 0.1428571 2 -0.9706364
1 0.1632653 2 -0.670989
1 0.1836735 2 -0.4091128
1 0.2040816 2 -0.2021374
1 0.2244898 2 -0.06360087
1 0.244898 2 -0.002565055
1 0.2653061 2 -0.0230223
1 0.2857143 2 -0.1236345
1 0.3061224 2 -0.2978205
1 0.3265306 2 -0.5341869
1 0.3469388 2 -0.8172728
1 0.3673469 2 -1.128561
1 0.3877551 2 -1.447691
1 0.4081633 2 -1.753788
1 0.4285714 2 -2.02683
1 0.4489796 2 -2.248958
1 0.4693878 2 -2.405641
1 0.4897959 2 -2.486631
1 0.5102041 2 -2.486631
1 0.5306122 2 -2.405641
1 0.5510204 2 -2.248958
1 0.5714286 2 -2.02683
1 0.5918367 2 -1.753788
1 0.6122449 2 -1.447691
1 0.6326531 2 -1.128561
1 0.6530612 2 -0.8172728
1 0.6734694 2 -0.5341869
1 0.6938776 2 -0.2978205
1 0.7142857 2 -0.1236345
1 0.7346939 2 -0.0230223
1 0.755102 2 -0.002565055
1 0.7755102 2 -0.06360087
1 0.7959184 2 -0.2021374
1 0.8163265 2 -0.4091128
1 0.8367347 2 -0.670989
1 0.8571429 2 -0.9706364
1 0.877551 2 -1.288455
1 0.8979592 2 -1.603656
1 0.9183673 2 -1.895623
1 0.9387755 2 -2.145257
1 0.9591837 2 -2.33623
1 0.9795918 2 -2.456051
1 1 2 -2.496881
