0 0 3 -5.939955
0 0.02040816 3 -5.842821
0 0.04081633 3 -5.557774
0 0.06122449 3 -5.103459
0 0.08163265 3 -4.509592
0 0.1020408 3 -3.815018
0 0.122449 3 -3.06517
0 0.1428571 3 -2.309095
0 0.1632653 3 -1.596249
0 0.1836735 3 -0.973259
0 0.2040816 3 -0.4808747
0 0.2244898 3 -0.1513033
0 0.244898 3 -0.006102137
0 0.2653061 3 -0.05476889
0 0.2857143 3 -0.2941202
0 0.3061224 3 -0.7085001
0 0.3265306 3 -1.270804
0 0.3469388 3 -1.944251
0 0.3673469 3 -2.684791
0 0.3877551 3 -3.443986
0 0.4081633 3 -4.172175
0 0.4285714 3 -4.821728
0 0.4489796 3 -5.350158
0 0.4693878 3 -5.722899
0 0.4897959 3 -5.915572
0 0.5102041 3 -5.915572
0 0.5306122 3 -5.722899
0 0.5510204 3 -5.350158
0 0.5714286 3 -4.821728
0 0.5918367 3 -4.172175
0 0.6122449 3 -3.443986
0 0.6326531 3 -2.684791
0 0.6530612 3 -1.944251
0 0.6734694 3 -1.270804
0 0.6938776 3 -0.7085001
0 0.7142857 3 -0.2941202
0 0.7346939 3 -0.05476889
0 0.755102 3 -0.006102137
0 0.7755102 3 -0.1513033
0 0.7959184 3 -0.4808747
0 0.8163265 3 -0.973259
0 0.8367347 3 -1.596249
0 0.8571429 3 -2.309095
0 0.877551 3 -3.06517
0 0.8979592 3 -3.815018
0 0.9183673 3 -4.509592
0 0.9387755 3 -5.103459
0 0.9591837 3 -5.557774
0 0.9795918 3 -5.842821
0 1 3 -5.939955
0.02040816 0 3 -5.93534
0.02040816 0.02040816 3 -5.838206
0.02040816 0.04081633 3 -5.553159
0.02040816 0.06122449 3 -5.098844
0.02040816 0.08163265 3 -4.504976
0.02040816 0.1020408 3 -3.810403
0.02040816 0.122449 3 -3.060555
0.02040816 0.1428571 3 -2.30448
0.02040816 0.1632653 3 -1.591634
0.02040816 0.1836735 3 -0.9686436
0.02040816 0.2040816 3 -0.4762593
0.02040816 0.2244898 3 -0.1466879
0.02040816 0.244898 3 -0.001486788
0.02040816 0.2653061 3 -0.05015354
0.02040816 0.2857143 3 -0.2895049
0.02040816 0.3061224 3 -0.7038848
0.02040816 0.3265306 3 -1.266189
0.02040816 0.3469388 3 -1.939636
0.02040816 0.3673469 3 -2.680176
0.02040816 0.3877551 3 -3.43937
0.02040816 0.4081633 3 -4.16756
0.02040816 0.4285714 3 -4.817113
0.02040816 0.4489796 3 -5.345543
0.02040816 0.4693878 3 -5.718284
0.02040816 0.4897959 3 -5.910956
0.02040816 0.5102041 3 -5.910956
0.02040816 0.5306122 3 -5.718284
0.02040816 0.5510204 3 -5.345543
0.02040816 0.5714286 3 -4.817113
0.02040816 0.5918367 3 -4.16756
0.02040816 0.6122449 3 -3.43937
0.02040816 0.6326531 3 -2.680176
0.02040816 0.6530612 3 -1.939636
0.02040816 0.6734694 3 -1.266189
0.02040816 0.6938776 3 -0.7038848
0.02040816 0.7142857 3 -0.2895049
0.02040816 0.7346939 3 -0.05015354
0.02040816 0.755102 3 -0.001486788
0.02040816 0.7755102 3 -0.1466879
0.02040816 0.7959184 3 -0.4762593
0.02040816 0.8163265 3 -0.9686436
0.02040816 0.8367347 3 -1.591634
0.02040816 0.8571429 3 -2.30448
0.02040816 0.877551 3 -3.060555
0.02040816 0.8979592 3 -3.810403
0.02040816 0.9183673 3 -4.504976
0.02040816 0.9387755 3 -5.098844
0.02040816 0.9591837 3 -5.553159
0.02040816 0.9795918 3 -5.838206
0.02040816 1 3 -5.93534
0.04081633 0 3 -5.921795
0.04081633 0.02040816 3 -5.824662
0.04081633 0.04081633 3 -5.539615
0.04081633 0.06122449 3 -5.085299
0.04081633 0.08163265 3 -4.491432
0.04081633 0.1020408 3 -3.796859
0.04081633 0.122449 3 -3.04701
0.04081633 0.1428571 3 -2.290936
0.04081633 0.1632653 3 -1.57809
0.04081633 0.1836735 3 -0.9550995
0.04081633 0.2040816 3 -0.4627152
0.04081633 0.2244898 3 -0.1331438
0.04081633 0.244898 3 0.01205737
0.04081633 0.2653061 3 -0.03660938
0.04081633 0.2857143 3 -0.2759607
0.04081633 0.3061224 3 -0.6903406
0.04081633 0.3265306 3 -1.252644
0.04081633 0.3469388 3 -1.926092
0.04081633 0.3673469 3 -2.666632
0.04081633 0.3877551 3 -3.425826
0.04081633 0.4081633 3 -4.154015
0.04081633 0.4285714 3 -4.803569
0.04081633 0.4489796 3 -5.331998
0.04081633 0.4693878 3 -5.70474
0.04081633 0.4897959 3 -5.897412
0.04081633 0.5102041 3 -5.897412
0.04081633 0.5306122 3 -5.70474
0.04081633 0.5510204 3 -5.331998
0.04081633 0.5714286 3 -4.803569
0.04081633 0.5918367 3 -4.154015
0.04081633 0.6122449 3 -3.425826
0.04081633 0.6326531 3 -2.666632
0.04081633 0.6530612 3 -1.926092
0.04081633 0.6734694 3 -1.252644
0.04081633 0.6938776 3 -0.6903406
0.04081633 0.7142857 3 -0.2759607
0.04081633 0.7346939 3 -0.03660938
0.04081633 0.755102 3 0.01205737
0.04081633 0.7755102 3 -0.1331438
0.04081633 0.7959184 3 -0.4627152
0.04081633 0.8163265 3 -0.9550995
0.04081633 0.8367347 3 -1.57809
0.04081633 0.8571429 3 -2.290936
0.04081633 0.877551 3 -3.04701
0.04081633 0.8979592 3 -3.796859
0.04081633 0.9183673 3 -4.491432
0.04081633 0.9387755 3 -5.085299
0.04081633 0.9591837 3 -5.539615
0.04081633 0.9795918 3 -5.824662
0.04081633 1 3 -5.921795
0.06122449 0 3 -5.900208
0.06122449 0.02040816 3 -5.803075
0.06122449 0.04081633 3 -5.518028
0.06122449 0.06122449 3 -5.063712
0.06122449 0.08163265 3 -4.469845
0.06122449 0.1020408 3 -3.775271
0.06122449 0.122449 3 -3.025423
0.06122449 0.1428571 3 -2.269349
0.06122449 0.1632653 3 -1.556503
0.06122449 0.1836735 3 -0.9335124
0.06122449 0.2040816 3 -0.4411281
0.06122449 0.2244898 3 -0.1115567
0.06122449 0.244898 3 0.0336444
0.06122449 0.2653061 3 -0.01502235
0.06122449 0.2857143 3 -0.2543737
0.06122449 0.3061224 3 -0.6687536
0.06122449 0.3265306 3 -1.231057
0.06122449 0.3469388 3 -1.904505
0.06122449 0.3673469 3 -2.645045
0.06122449 0.3877551 3 -3.404239
0.06122449 0.4081633 3 -4.132428
0.06122449 0.4285714 3 -4.781982
0.06122449 0.4489796 3 -5.310411
0.06122449 0.4693878 3 -5.683153
0.06122449 0.4897959 3 -5.875825
0.06122449 0.5102041 3 -5.875825
0.06122449 0.5306122 3 -5.683153
0.06122449 0.5510204 3 -5.310411
0.06122449 0.5714286 3 -4.781982
0.06122449 0.5918367 3 -4.132428
0.06122449 0.6122449 3 -3.404239
0.06122449 0.6326531 3 -2.645045
0.06122449 0.6530612 3 -1.904505
0.06122449 0.6734694 3 -1.231057
0.06122449 0.6938776 3 -0.6687536
0.06122449 0.7142857 3 -0.2543737
0.06122449 0.7346939 3 -0.01502235
0.06122449 0.755102 3 0.0336444
0.06122449 0.7755102 3 -0.1115567
0.06122449 0.7959184 3 -0.4411281
0.06122449 0.8163265 3 -0.9335124
0.06122449 0.8367347 3 -1.556503
0.06122449 0.8571429 3 -2.269349
0.06122449 0.877551 3 -3.025423
0.06122449 0.8979592 3 -3.775271
0.06122449 0.9183673 3 -4.469845
0.06122449 0.9387755 3 -5.063712
0.06122449 0.9591837 3 -5.518028
0.06122449 0.9795918 3 -5.803075
0.06122449 1 3 -5.900208
0.08163265 0 3 -5.871991
0.08163265 0.02040816 3 -5.774857
0.08163265 0.04081633 3 -5.48981
0.08163265 0.06122449 3 -5.035494
0.08163265 0.08163265 3 -4.441627
0.08163265 0.1020408 3 -3.747054
0.08163265 0.122449 3 -2.997206
0.08163265 0.1428571 3 -2.241131
0.08163265 0.1632653 3 -1.528285
0.08163265 0.1836735 3 -0.9052945
0.08163265 0.2040816 3 -0.4129102
0.08163265 0.2244898 3 -0.08333884
0.08163265 0.244898 3 0.06186231
0.08163265 0.2653061 3 0.01319556
0.08163265 0.2857143 3 -0.2261558
0.08163265 0.3061224 3 -0.6405357
0.08163265 0.3265306 3 -1.202839
0.08163265 0.3469388 3 -1.876287
0.08163265 0.3673469 3 -2.616827
0.08163265 0.3877551 3 -3.376021
0.08163265 0.4081633 3 -4.10421
0.08163265 0.4285714 3 -4.753764
0.08163265 0.4489796 3 -5.282193
0.08163265 0.4693878 3 -5.654935
0.08163265 0.4897959 3 -5.847607
0.08163265 0.5102041 3 -5.847607
0.08163265 0.5306122 3 -5.654935
0.08163265 0.5510204 3 -5.282193
0.08163265 0.5714286 3 -4.753764
0.08163265 0.5918367 3 -4.10421
0.08163265 0.6122449 3 -3.376021
0.08163265 0.6326531 3 -2.616827
0.08163265 0.6530612 3 -1.876287
0.08163265 0.6734694 3 -1.202839
0.08163265 0.6938776 3 -0.6405357
0.08163265 0.7142857 3 -0.2261558
0.08163265 0.7346939 3 0.01319556
0.08163265 0.755102 3 0.06186231
0.08163265 0.7755102 3 -0.08333884
0.08163265 0.7959184 3 -0.4129102
0.08163265 0.8163265 3 -0.9052945
0.08163265 0.8367347 3 -1.528285
0.08163265 0.8571429 3 -2.241131
0.08163265 0.877551 3 -2.997206
0.08163265 0.8979592 3 -3.747054
0.08163265 0.9183673 3 -4.441627
0.08163265 0.9387755 3 -5.035494
0.08163265 0.9591837 3 -5.48981
0.08163265 0.9795918 3 -5.774857
0.08163265 1 3 -5.871991
0.1020408 0 3 -5.838988
0.1020408 0.02040816 3 -5.741854
0.1020408 0.04081633 3 -5.456807
0.1020408 0.06122449 3 -5.002491
0.1020408 0.08163265 3 -4.408624
0.1020408 0.1020408 3 -3.714051
0.1020408 0.122449 3 -2.964202
0.1020408 0.1428571 3 -2.208128
0.1020408 0.1632653 3 -1.495282
0.1020408 0.1836735 3 -0.8722915
0.1020408 0.2040816 3 -0.3799072
0.1020408 0.2244898 3 -0.05033581
0.1020408 0.244898 3 0.09486534
0.1020408 0.2653061 3 0.04619858
0.1020408 0.2857143 3 -0.1931528
0.1020408 0.3061224 3 -0.6075327
0.1020408 0.3265306 3 -1.169836
0.1020408 0.3469388 3 -1.843284
0.1020408 0.3673469 3 -2.583824
0.1020408 0.3877551 3 -3.343018
0.1020408 0.4081633 3 -4.071207
0.1020408 0.4285714 3 -4.720761
0.1020408 0.4489796 3 -5.24919
0.1020408 0.4693878 3 -5.621932
0.1020408 0.4897959 3 -5.814604
0.1020408 0.5102041 3 -5.814604
0.1020408 0.5306122 3 -5.621932
0.1020408 0.5510204 3 -5.24919
0.1020408 0.5714286 3 -4.720761
0.1020408 0.5918367 3 -4.071207
0.1020408 0.6122449 3 -3.343018
0.1020408 0.6326531 3 -2.583824
0.1020408 0.6530612 3 -1.843284
0.1020408 0.6734694 3 -1.169836
0.1020408 0.6938776 3 -0.6075327
0.1020408 0.7142857 3 -0.1931528
0.1020408 0.7346939 3 0.04619858
0.1020408 0.755102 3 0.09486534
0.1020408 0.7755102 3 -0.05033581
0.1020408 0.7959184 3 -0.3799072
0.1020408 0.8163265 3 -0.8722915
0.1020408 0.8367347 3 -1.495282
0.1020408 0.8571429 3 -2.208128
0.1020408 0.877551 3 -2.964202
0.1020408 0.8979592 3 -3.714051
0.1020408 0.9183673 3 -4.408624
0.1020408 0.9387755 3 -5.002491
0.1020408 0.9591837 3 -5.456807
0.1020408 0.9795918 3 -5.741854
0.1020408 1 3 -5.838988
0.122449 0 3 -5.803358
0.122449 0.02040816 3 -5.706225
0.122449 0.04081633 3 -5.421178
0.122449 0.06122449 3 -4.966862
0.122449 0.08163265 3 -4.372995
0.122449 0.1020408 3 -3.678421
0.122449 0.122449 3 -2.928573
0.122449 0.1428571 3 -2.172498
0.122449 0.1632653 3 -1.459652
0.122449 0.1836735 3 -0.8366621
0.122449 0.2040816 3 -0.3442778
0.122449 0.2244898 3 -0.0147064
0.122449 0.244898 3 0.1304948
0.122449 0.2653061 3 0.081828
0.122449 0.2857143 3 -0.1575233
0.122449 0.3061224 3 -0.5719032
0.122449 0.3265306 3 -1.134207
0.122449 0.3469388 3 -1.807654
0.122449 0.3673469 3 -2.548194
0.122449 0.3877551 3 -3.307389
0.122449 0.4081633 3 -4.035578
0.122449 0.4285714 3 -4.685131
0.122449 0.4489796 3 -5.213561
0.122449 0.4693878 3 -5.586303
0.122449 0.4897959 3 -5.778975
0.122449 0.5102041 3 -5.778975
0.122449 0.5306122 3 -5.586303
0.122449 0.5510204 3 -5.213561
0.122449 0.5714286 3 -4.685131
0.122449 0.5918367 3 -4.035578
0.122449 0.6122449 3 -3.307389
0.122449 0.6326531 3 -2.548194
0.122449 0.6530612 3 -1.807654
0.122449 0.6734694 3 -1.134207
0.122449 0.6938776 3 -0.5719032
0.122449 0.7142857 3 -0.1575233
0.122449 0.7346939 3 0.081828
0.122449 0.755102 3 0.1304948
0.122449 0.7755102 3 -0.0147064
0.122449 0.7959184 3 -0.3442778
0.122449 0.8163265 3 -0.8366621
0.122449 0.8367347 3 -1.459652
0.122449 0.8571429 3 -2.172498
0.122449 0.877551 3 -2.928573
0.122449 0.8979592 3 -3.678421
0.122449 0.9183673 3 -4.372995
0.122449 0.9387755 3 -4.966862
0.122449 0.9591837 3 -5.421178
0.122449 0.9795918 3 -5.706225
0.122449 1 3 -5.803358
0.1428571 0 3 -5.767433
0.1428571 0.02040816 3 -5.670299
0.1428571 0.04081633 3 -5.385252
0.1428571 0.06122449 3 -4.930937
0.1428571 0.08163265 3 -4.33707
0.1428571 0.1020408 3 -3.642496
0.1428571 0.122449 3 -2.892648
0.1428571 0.1428571 3 -2.136573
0.1428571 0.1632653 3 -1.423727
0.1428571 0.1836735 3 -0.8007368
0.1428571 0.2040816 3 -0.3083525
0.1428571 0.2244898 3 0.02121888
0.1428571 0.244898 3 0.16642
0.1428571 0.2653061 3 0.1177533
0.1428571 0.2857143 3 -0.1215981
0.1428571 0.3061224 3 -0.535978
0.1428571 0.3265306 3 -1.098282
0.1428571 0.3469388 3 -1.771729
0.1428571 0.3673469 3 -2.512269
0.1428571 0.3877551 3 -3.271463
0.1428571 0.4081633 3 -3.999653
0.1428571 0.4285714 3 -4.649206
0.1428571 0.4489796 3 -5.177636
0.1428571 0.4693878 3 -5.550377
0.1428571 0.4897959 3 -5.743049
0.1428571 0.5102041 3 -5.743049
0.1428571 0.5306122 3 -5.550377
0.1428571 0.5510204 3 -5.177636
0.1428571 0.5714286 3 -4.649206
0.1428571 0.5918367 3 -3.999653
0.1428571 0.6122449 3 -3.271463
0.1428571 0.6326531 3 -2.512269
0.1428571 0.6530612 3 -1.771729
0.1428571 0.6734694 3 -1.098282
0.1428571 0.6938776 3 -0.535978
0.1428571 0.7142857 3 -0.1215981
0.1428571 0.7346939 3 0.1177533
0.1428571 0.755102 3 0.16642
0.1428571 0.7755102 3 0.02121888
0.1428571 0.7959184 3 -0.3083525
0.1428571 0.8163265 3 -0.8007368
0.1428571 0.8367347 3 -1.423727
0.1428571 0.8571429 3 -2.136573
0.1428571 0.877551 3 -2.892648
0.1428571 0.8979592 3 -3.642496
0.1428571 0.9183673 3 -4.33707
0.1428571 0.9387755 3 -4.930937
0.1428571 0.9591837 3 -5.385252
0.1428571 0.9795918 3 -5.670299
0.1428571 1 3 -5.767433
0.1632653 0 3 -5.733562
0.1632653 0.02040816 3 -5.636428
0.1632653 0.04081633 3 -5.351381
0.1632653 0.06122449 3 -4.897065
0.1632653 0.08163265 3 -4.303198
0.1632653 0.1020408 3 -3.608625
0.1632653 0.122449 3 -2.858777
0.1632653 0.1428571 3 -2.102702
0.1632653 0.1632653 3 -1.389856
0.1632653 0.1836735 3 -0.7668656
0.1632653 0.2040816 3 -0.2744813
0.1632653 0.2244898 3 0.05509013
0.1632653 0.244898 3 0.2002913
0.1632653 0.2653061 3 0.1516245
0.1632653 0.2857143 3 -0.08772682
0.1632653 0.3061224 3 -0.5021067
0.1632653 0.3265306 3 -1.06441
0.1632653 0.3469388 3 -1.737858
0.1632653 0.3673469 3 -2.478398
0.1632653 0.3877551 3 -3.237592
0.1632653 0.4081633 3 -3.965781
0.1632653 0.4285714 3 -4.615335
0.1632653 0.4489796 3 -5.143764
0.1632653 0.4693878 3 -5.516506
0.1632653 0.4897959 3 -5.709178
0.1632653 0.5102041 3 -5.709178
0.1632653 0.5306122 3 -5.516506
0.1632653 0.5510204 3 -5.143764
0.1632653 0.5714286 3 -4.615335
0.1632653 0.5918367 3 -3.965781
0.1632653 0.6122449 3 -3.237592
0.1632653 0.6326531 3 -2.478398
0.1632653 0.6530612 3 -1.737858
0.1632653 0.6734694 3 -1.06441
0.1632653 0.6938776 3 -0.5021067
0.1632653 0.7142857 3 -0.08772682
0.1632653 0.7346939 3 0.1516245
0.1632653 0.755102 3 0.2002913
0.1632653 0.7755102 3 0.05509013
0.1632653 0.7959184 3 -0.2744813
0.1632653 0.8163265 3 -0.7668656
0.1632653 0.8367347 3 -1.389856
0.1632653 0.8571429 3 -2.102702
0.1632653 0.877551 3 -2.858777
0.1632653 0.8979592 3 -3.608625
0.1632653 0.9183673 3 -4.303198
0.1632653 0.9387755 3 -4.897065
0.1632653 0.9591837 3 -5.351381
0.1632653 0.9795918 3 -5.636428
0.1632653 1 3 -5.733562
0.1836735 0 3 -5.70396
0.1836735 0.02040816 3 -5.606826
0.1836735 0.04081633 3 -5.321779
0.1836735 0.06122449 3 -4.867464
0.1836735 0.08163265 3 -4.273597
0.1836735 0.1020408 3 -3.579023
0.1836735 0.122449 3 -2.829175
0.1836735 0.1428571 3 -2.0731
0.1836735 0.1632653 3 -1.360254
0.1836735 0.1836735 3 -0.7372639
0.1836735 0.2040816 3 -0.2448796
0.1836735 0.2244898 3 0.08469183
0.1836735 0.244898 3 0.229893
0.1836735 0.2653061 3 0.1812262
0.1836735 0.2857143 3 -0.05812512
0.1836735 0.3061224 3 -0.472505
0.1836735 0.3265306 3 -1.034809
0.1836735 0.3469388 3 -1.708256
0.1836735 0.3673469 3 -2.448796
0.1836735 0.3877551 3 -3.20799
0.1836735 0.4081633 3 -3.93618
0.1836735 0.4285714 3 -4.585733
0.1836735 0.4489796 3 -5.114163
0.1836735 0.4693878 3 -5.486904
0.1836735 0.4897959 3 -5.679576
0.1836735 0.5102041 3 -5.679576
0.1836735 0.5306122 3 -5.486904
0.1836735 0.5510204 3 -5.114163
0.1836735 0.5714286 3 -4.585733
0.1836735 0.5918367 3 -3.93618
0.1836735 0.6122449 3 -3.20799
0.1836735 0.6326531 3 -2.448796
0.1836735 0.6530612 3 -1.708256
0.1836735 0.6734694 3 -1.034809
0.1836735 0.6938776 3 -0.472505
0.1836735 0.7142857 3 -0.05812512
0.1836735 0.7346939 3 0.1812262
0.1836735 0.755102 3 0.229893
0.1836735 0.7755102 3 0.08469183
0.1836735 0.7959184 3 -0.2448796
0.1836735 0.8163265 3 -0.7372639
0.1836735 0.8367347 3 -1.360254
0.1836735 0.8571429 3 -2.0731
0.1836735 0.877551 3 -2.829175
0.1836735 0.8979592 3 -3.579023
0.1836735 0.9183673 3 -4.273597
0.1836735 0.9387755 3 -4.867464
0.1836735 0.9591837 3 -5.321779
0.1836735 0.9795918 3 -5.606826
0.1836735 1 3 -5.70396
0.2040816 0 3 -5.680564
0.2040816 0.02040816 3 -5.58343
0.2040816 0.04081633 3 -5.298383
0.2040816 0.06122449 3 -4.844068
0.2040816 0.08163265 3 -4.250201
0.2040816 0.1020408 3 -3.555627
0.2040816 0.122449 3 -2.805779
0.2040816 0.1428571 3 -2.049704
0.2040816 0.1632653 3 -1.336858
0.2040816 0.1836735 3 -0.713868
0.2040816 0.2040816 3 -0.2214837
0.2040816 0.2244898 3 0.1080877
0.2040816 0.244898 3 0.2532889
0.2040816 0.2653061 3 0.2046221
0.2040816 0.2857143 3 -0.03472922
0.2040816 0.3061224 3 -0.4491091
0.2040816 0.3265306 3 -1.011413
0.2040816 0.3469388 3 -1.68486
0.2040816 0.3673469 3 -2.4254
0.2040816 0.3877551 3 -3.184595
0.2040816 0.4081633 3 -3.912784
0.2040816 0.4285714 3 -4.562337
0.2040816 0.4489796 3 -5.090767
0.2040816 0.4693878 3 -5.463508
0.2040816 0.4897959 3 -5.65618
0.2040816 0.5102041 3 -5.65618
0.2040816 0.5306122 3 -5.463508
0.2040816 0.5510204 3 -5.090767
0.2040816 0.5714286 3 -4.562337
0.2040816 0.5918367 3 -3.912784
0.2040816 0.6122449 3 -3.184595
0.2040816 0.6326531 3 -2.4254
0.2040816 0.6530612 3 -1.68486
0.2040816 0.6734694 3 -1.011413
0.2040816 0.6938776 3 -0.4491091
0.2040816 0.7142857 3 -0.03472922
0.2040816 0.7346939 3 0.2046221
0.2040816 0.755102 3 0.2532889
0.2040816 0.7755102 3 0.1080877
0.2040816 0.7959184 3 -0.2214837
0.2040816 0.8163265 3 -0.713868
0.2040816 0.8367347 3 -1.336858
0.2040816 0.8571429 3 -2.049704
0.2040816 0.877551 3 -2.805779
0.2040816 0.8979592 3 -3.555627
0.2040816 0.9183673 3 -4.250201
0.2040816 0.9387755 3 -4.844068
0.2040816 0.9591837 3 -5.298383
0.2040816 0.9795918 3 -5.58343
0.2040816 1 3 -5.680564
0.2244898 0 3 -5.664904
0.2244898 0.02040816 3 -5.567771
0.2244898 0.04081633 3 -5.282724
0.2244898 0.06122449 3 -4.828408
0.2244898 0.08163265 3 -4.234541
0.2244898 0.1020408 3 -3.539967
0.2244898 0.122449 3 -2.790119
0.2244898 0.1428571 3 -2.034045
0.2244898 0.1632653 3 -1.321198
0.2244898 0.1836735 3 -0.6982082
0.2244898 0.2040816 3 -0.2058239
0.2244898 0.2244898 3 0.1237475
0.2244898 0.244898 3 0.2689486
0.2244898 0.2653061 3 0.2202819
0.2244898 0.2857143 3 -0.01906947
0.2244898 0.3061224 3 -0.4334494
0.2244898 0.3265306 3 -0.9957531
0.2244898 0.3469388 3 -1.6692
0.2244898 0.3673469 3 -2.409741
0.2244898 0.3877551 3 -3.168935
0.2244898 0.4081633 3 -3.897124
0.2244898 0.4285714 3 -4.546677
0.2244898 0.4489796 3 -5.075107
0.2244898 0.4693878 3 -5.447849
0.2244898 0.4897959 3 -5.640521
0.2244898 0.5102041 3 -5.640521
0.2244898 0.5306122 3 -5.447849
0.2244898 0.5510204 3 -5.075107
0.2244898 0.5714286 3 -4.546677
0.2244898 0.5918367 3 -3.897124
0.2244898 0.6122449 3 -3.168935
0.2244898 0.6326531 3 -2.409741
0.2244898 0.6530612 3 -1.6692
0.2244898 0.6734694 3 -0.9957531
0.2244898 0.6938776 3 -0.4334494
0.2244898 0.7142857 3 -0.01906947
0.2244898 0.7346939 3 0.2202819
0.2244898 0.755102 3 0.2689486
0.2244898 0.7755102 3 0.1237475
0.2244898 0.7959184 3 -0.2058239
0.2244898 0.8163265 3 -0.6982082
0.2244898 0.8367347 3 -1.321198
0.2244898 0.8571429 3 -2.034045
0.2244898 0.877551 3 -2.790119
0.2244898 0.8979592 3 -3.539967
0.2244898 0.9183673 3 -4.234541
0.2244898 0.9387755 3 -4.828408
0.2244898 0.9591837 3 -5.282724
0.2244898 0.9795918 3 -5.567771
0.2244898 1 3 -5.664904
0.244898 0 3 -5.658005
0.244898 0.02040816 3 -5.560871
0.244898 0.04081633 3 -5.275824
0.244898 0.06122449 3 -4.821509
0.244898 0.08163265 3 -4.227642
0.244898 0.1020408 3 -3.533068
0.244898 0.122449 3 -2.78322
0.244898 0.1428571 3 -2.027145
0.244898 0.1632653 3 -1.314299
0.244898 0.1836735 3 -0.6913089
0.244898 0.2040816 3 -0.1989246
0.244898 0.2244898 3 0.1306468
0.244898 0.244898 3 0.2758479
0.244898 0.2653061 3 0.2271812
0.244898 0.2857143 3 -0.01217016
0.244898 0.3061224 3 -0.4265501
0.244898 0.3265306 3 -0.9888538
0.244898 0.3469388 3 -1.662301
0.244898 0.3673469 3 -2.402841
0.244898 0.3877551 3 -3.162036
0.244898 0.4081633 3 -3.890225
0.244898 0.4285714 3 -4.539778
0.244898 0.4489796 3 -5.068208
0.244898 0.4693878 3 -5.440949
0.244898 0.4897959 3 -5.633621
0.244898 0.5102041 3 -5.633621
0.244898 0.5306122 3 -5.440949
0.244898 0.5510204 3 -5.068208
0.244898 0.5714286 3 -4.539778
0.244898 0.5918367 3 -3.890225
0.244898 0.6122449 3 -3.162036
0.244898 0.6326531 3 -2.402841
0.244898 0.6530612 3 -1.662301
0.244898 0.6734694 3 -0.9888538
0.244898 0.6938776 3 -0.4265501
0.244898 0.7142857 3 -0.01217016
0.244898 0.7346939 3 0.2271812
0.244898 0.755102 3 0.2758479
0.244898 0.7755102 3 0.1306468
0.244898 0.7959184 3 -0.1989246
0.244898 0.8163265 3 -0.6913089
0.244898 0.8367347 3 -1.314299
0.244898 0.8571429 3 -2.027145
0.244898 0.877551 3 -2.78322
0.244898 0.8979592 3 -3.533068
0.244898 0.9183673 3 -4.227642
0.244898 0.9387755 3 -4.821509
0.244898 0.9591837 3 -5.275824
0.244898 0.9795918 3 -5.560871
0.244898 1 3 -5.658005
0.2653061 0 3 -5.660317
0.2653061 0.02040816 3 -5.563184
0.2653061 0.04081633 3 -5.278137
0.2653061 0.06122449 3 -4.823821
0.2653061 0.08163265 3 -4.229954
0.2653061 0.1020408 3 -3.53538
0.2653061 0.122449 3 -2.785532
0.2653061 0.1428571 3 -2.029458
0.2653061 0.1632653 3 -1.316612
0.2653061 0.1836735 3 -0.6936213
0.2653061 0.2040816 3 -0.201237
0.2653061 0.2244898 3 0.1283344
0.2653061 0.244898 3 0.2735355
0.2653061 0.2653061 3 0.2248688
0.2653061 0.2857143 3 -0.01448259
0.2653061 0.3061224 3 -0.4288625
0.2653061 0.3265306 3 -0.9911662
0.2653061 0.3469388 3 -1.664613
0.2653061 0.3673469 3 -2.405154
0.2653061 0.3877551 3 -3.164348
0.2653061 0.4081633 3 -3.892537
0.2653061 0.4285714 3 -4.542091
0.2653061 0.4489796 3 -5.07052
0.2653061 0.4693878 3 -5.443262
0.2653061 0.4897959 3 -5.635934
0.2653061 0.5102041 3 -5.635934
0.2653061 0.5306122 3 -5.443262
0.2653061 0.5510204 3 -5.07052
0.2653061 0.5714286 3 -4.542091
0.2653061 0.5918367 3 -3.892537
0.2653061 0.6122449 3 -3.164348
0.2653061 0.6326531 3 -2.405154
0.2653061 0.6530612 3 -1.664613
0.2653061 0.6734694 3 -0.9911662
0.2653061 0.6938776 3 -0.4288625
0.2653061 0.7142857 3 -0.01448259
0.2653061 0.7346939 3 0.2248688
0.2653061 0.755102 3 0.2735355
0.2653061 0.7755102 3 0.1283344
0.2653061 0.7959184 3 -0.201237
0.2653061 0.8163265 3 -0.6936213
0.2653061 0.8367347 3 -1.316612
0.2653061 0.8571429 3 -2.029458
0.2653061 0.877551 3 -2.785532
0.2653061 0.8979592 3 -3.53538
0.2653061 0.9183673 3 -4.229954
0.2653061 0.9387755 3 -4.823821
0.2653061 0.9591837 3 -5.278137
0.2653061 0.9795918 3 -5.563184
0.2653061 1 3 -5.660317
0.2857143 0 3 -5.67169
0.2857143 0.02040816 3 -5.574557
0.2857143 0.04081633 3 -5.28951
0.2857143 0.06122449 3 -4.835194
0.2857143 0.08163265 3 -4.241327
0.2857143 0.1020408 3 -3.546753
0.2857143 0.122449 3 -2.796905
0.2857143 0.1428571 3 -2.040831
0.2857143 0.1632653 3 -1.327984
0.2857143 0.1836735 3 -0.7049942
0.2857143 0.2040816 3 -0.2126099
0.2857143 0.2244898 3 0.1169615
0.2857143 0.244898 3 0.2621626
0.2857143 0.2653061 3 0.2134959
0.2857143 0.2857143 3 -0.02585549
0.2857143 0.3061224 3 -0.4402354
0.2857143 0.3265306 3 -1.002539
0.2857143 0.3469388 3 -1.675986
0.2857143 0.3673469 3 -2.416527
0.2857143 0.3877551 3 -3.175721
0.2857143 0.4081633 3 -3.90391
0.2857143 0.4285714 3 -4.553463
0.2857143 0.4489796 3 -5.081893
0.2857143 0.4693878 3 -5.454635
0.2857143 0.4897959 3 -5.647307
0.2857143 0.5102041 3 -5.647307
0.2857143 0.5306122 3 -5.454635
0.2857143 0.5510204 3 -5.081893
0.2857143 0.5714286 3 -4.553463
0.2857143 0.5918367 3 -3.90391
0.2857143 0.6122449 3 -3.175721
0.2857143 0.6326531 3 -2.416527
0.2857143 0.6530612 3 -1.675986
0.2857143 0.6734694 3 -1.002539
0.2857143 0.6938776 3 -0.4402354
0.2857143 0.7142857 3 -0.02585549
0.2857143 0.7346939 3 0.2134959
0.2857143 0.755102 3 0.2621626
0.2857143 0.7755102 3 0.1169615
0.2857143 0.7959184 3 -0.2126099
0.2857143 0.8163265 3 -0.7049942
0.2857143 0.8367347 3 -1.327984
0.2857143 0.8571429 3 -2.040831
0.2857143 0.877551 3 -2.796905
0.2857143 0.8979592 3 -3.546753
0.2857143 0.9183673 3 -4.241327
0.2857143 0.9387755 3 -4.835194
0.2857143 0.9591837 3 -5.28951
0.2857143 0.9795918 3 -5.574557
0.2857143 1 3 -5.67169
0.3061224 0 3 -5.69138
0.3061224 0.02040816 3 -5.594246
0.3061224 0.04081633 3 -5.309199
0.3061224 0.06122449 3 -4.854884
0.3061224 0.08163265 3 -4.261016
0.3061224 0.1020408 3 -3.566443
0.3061224 0.122449 3 -2.816595
0.3061224 0.1428571 3 -2.06052
0.3061224 0.1632653 3 -1.347674
0.3061224 0.1836735 3 -0.7246837
0.3061224 0.2040816 3 -0.2322994
0.3061224 0.2244898 3 0.09727198
0.3061224 0.244898 3 0.2424731
0.3061224 0.2653061 3 0.1938064
0.3061224 0.2857143 3 -0.04554497
0.3061224 0.3061224 3 -0.4599249
0.3061224 0.3265306 3 -1.022229
0.3061224 0.3469388 3 -1.695676
0.3061224 0.3673469 3 -2.436216
0.3061224 0.3877551 3 -3.19541
0.3061224 0.4081633 3 -3.9236
0.3061224 0.4285714 3 -4.573153
0.3061224 0.4489796 3 -5.101583
0.3061224 0.4693878 3 -5.474324
0.3061224 0.4897959 3 -5.666996
0.3061224 0.5102041 3 -5.666996
0.3061224 0.5306122 3 -5.474324
0.3061224 0.5510204 3 -5.101583
0.3061224 0.5714286 3 -4.573153
0.3061224 0.5918367 3 -3.9236
0.3061224 0.6122449 3 -3.19541
0.3061224 0.6326531 3 -2.436216
0.3061224 0.6530612 3 -1.695676
0.3061224 0.6734694 3 -1.022229
0.3061224 0.6938776 3 -0.4599249
0.3061224 0.7142857 3 -0.04554497
0.3061224 0.7346939 3 0.1938064
0.3061224 0.755102 3 0.2424731
0.3061224 0.7755102 3 0.09727198
0.3061224 0.7959184 3 -0.2322994
0.3061224 0.8163265 3 -0.7246837
0.3061224 0.8367347 3 -1.347674
0.3061224 0.8571429 3 -2.06052
0.3061224 0.877551 3 -2.816595
0.3061224 0.8979592 3 -3.566443
0.3061224 0.9183673 3 -4.261016
0.3061224 0.9387755 3 -4.854884
0.3061224 0.9591837 3 -5.309199
0.3061224 0.9795918 3 -5.594246
0.3061224 1 3 -5.69138
0.3265306 0 3 -5.718098
0.3265306 0.02040816 3 -5.620964
0.3265306 0.04081633 3 -5.335917
0.3265306 0.06122449 3 -4.881602
0.3265306 0.08163265 3 -4.287735
0.3265306 0.1020408 3 -3.593161
0.3265306 0.122449 3 -2.843313
0.3265306 0.1428571 3 -2.087238
0.3265306 0.1632653 3 -1.374392
0.3265306 0.1836735 3 -0.7514019
0.3265306 0.2040816 3 -0.2590176
0.3265306 0.2244898 3 0.07055383
0.3265306 0.244898 3 0.215755
0.3265306 0.2653061 3 0.1670882
0.3265306 0.2857143 3 -0.07226312
0.3265306 0.3061224 3 -0.486643
0.3265306 0.3265306 3 -1.048947
0.3265306 0.3469388 3 -1.722394
0.3265306 0.3673469 3 -2.462934
0.3265306 0.3877551 3 -3.222128
0.3265306 0.4081633 3 -3.950318
0.3265306 0.4285714 3 -4.599871
0.3265306 0.4489796 3 -5.128301
0.3265306 0.4693878 3 -5.501042
0.3265306 0.4897959 3 -5.693714
0.3265306 0.5102041 3 -5.693714
0.3265306 0.5306122 3 -5.501042
0.3265306 0.5510204 3 -5.128301
0.3265306 0.5714286 3 -4.599871
0.3265306 0.5918367 3 -3.950318
0.3265306 0.6122449 3 -3.222128
0.3265306 0.6326531 3 -2.462934
0.3265306 0.6530612 3 -1.722394
0.3265306 0.6734694 3 -1.048947
0.3265306 0.6938776 3 -0.486643
0.3265306 0.7142857 3 -0.07226312
0.3265306 0.7346939 3 0.1670882
0.3265306 0.755102 3 0.215755
0.3265306 0.7755102 3 0.07055383
0.3265306 0.7959184 3 -0.2590176
0.3265306 0.8163265 3 -0.7514019
0.3265306 0.8367347 3 -1.374392
0.3265306 0.8571429 3 -2.087238
0.3265306 0.877551 3 -2.843313
0.3265306 0.8979592 3 -3.593161
0.3265306 0.9183673 3 -4.287735
0.3265306 0.9387755 3 -4.881602
0.3265306 0.9591837 3 -5.335917
0.3265306 0.9795918 3 -5.620964
0.3265306 1 3 -5.718098
0.3469388 0 3 -5.750097
0.3469388 0.02040816 3 -5.652964
0.3469388 0.04081633 3 -5.367917
0.3469388 0.06122449 3 -4.913601
0.3469388 0.08163265 3 -4.319734
0.3469388 0.1020408 3 -3.62516
0.3469388 0.122449 3 -2.875312
0.3469388 0.1428571 3 -2.119237
0.3469388 0.1632653 3 -1.406391
0.3469388 0.1836735 3 -0.7834011
0.3469388 0.2040816 3 -0.2910168
0.3469388 0.2244898 3 0.03855464
0.3469388 0.244898 3 0.1837558
0.3469388 0.2653061 3 0.135089
0.3469388 0.2857143 3 -0.1042623
0.3469388 0.3061224 3 -0.5186422
0.3469388 0.3265306 3 -1.080946
0.3469388 0.3469388 3 -1.754393
0.3469388 0.3673469 3 -2.494933
0.3469388 0.3877551 3 -3.254128
0.3469388 0.4081633 3 -3.982317
0.3469388 0.4285714 3 -4.63187
0.3469388 0.4489796 3 -5.1603
0.3469388 0.4693878 3 -5.533041
0.3469388 0.4897959 3 -5.725714
0.3469388 0.5102041 3 -5.725714
0.3469388 0.5306122 3 -5.533041
0.3469388 0.5510204 3 -5.1603
0.3469388 0.5714286 3 -4.63187
0.3469388 0.5918367 3 -3.982317
0.3469388 0.6122449 3 -3.254128
0.3469388 0.6326531 3 -2.494933
0.3469388 0.6530612 3 -1.754393
0.3469388 0.6734694 3 -1.080946
0.3469388 0.6938776 3 -0.5186422
0.3469388 0.7142857 3 -0.1042623
0.3469388 0.7346939 3 0.135089
0.3469388 0.755102 3 0.1837558
0.3469388 0.7755102 3 0.03855464
0.3469388 0.7959184 3 -0.2910168
0.3469388 0.8163265 3 -0.7834011
0.3469388 0.8367347 3 -1.406391
0.3469388 0.8571429 3 -2.119237
0.3469388 0.877551 3 -2.875312
0.3469388 0.8979592 3 -3.62516
0.3469388 0.9183673 3 -4.319734
0.3469388 0.9387755 3 -4.913601
0.3469388 0.9591837 3 -5.367917
0.3469388 0.9795918 3 -5.652964
0.3469388 1 3 -5.750097
0.3673469 0 3 -5.785284
0.3673469 0.02040816 3 -5.688151
0.3673469 0.04081633 3 -5.403104
0.3673469 0.06122449 3 -4.948788
0.3673469 0.08163265 3 -4.354921
0.3673469 0.1020408 3 -3.660347
0.3673469 0.122449 3 -2.910499
0.3673469 0.1428571 3 -2.154425
0.3673469 0.1632653 3 -1.441578
0.3673469 0.1836735 3 -0.8185882
0.3673469 0.2040816 3 -0.3262039
0.3673469 0.2244898 3 0.003367494
0.3673469 0.244898 3 0.1485686
0.3673469 0.2653061 3 0.09990189
0.3673469 0.2857143 3 -0.1394495
0.3673469 0.3061224 3 -0.5538294
0.3673469 0.3265306 3 -1.116133
0.3673469 0.3469388 3 -1.78958
0.3673469 0.3673469 3 -2.53012
0.3673469 0.3877551 3 -3.289315
0.3673469 0.4081633 3 -4.017504
0.3673469 0.4285714 3 -4.667057
0.3673469 0.4489796 3 -5.195487
0.3673469 0.4693878 3 -5.568229
0.3673469 0.4897959 3 -5.760901
0.3673469 0.5102041 3 -5.760901
0.3673469 0.5306122 3 -5.568229
0.3673469 0.5510204 3 -5.195487
0.3673469 0.5714286 3 -4.667057
0.3673469 0.5918367 3 -4.017504
0.3673469 0.6122449 3 -3.289315
0.3673469 0.6326531 3 -2.53012
0.3673469 0.6530612 3 -1.78958
0.3673469 0.6734694 3 -1.116133
0.3673469 0.6938776 3 -0.5538294
0.3673469 0.7142857 3 -0.1394495
0.3673469 0.7346939 3 0.09990189
0.3673469 0.755102 3 0.1485686
0.3673469 0.7755102 3 0.003367494
0.3673469 0.7959184 3 -0.3262039
0.3673469 0.8163265 3 -0.8185882
0.3673469 0.8367347 3 -1.441578
0.3673469 0.8571429 3 -2.154425
0.3673469 0.877551 3 -2.910499
0.3673469 0.8979592 3 -3.660347
0.3673469 0.9183673 3 -4.354921
0.3673469 0.9387755 3 -4.948788
0.3673469 0.9591837 3 -5.403104
0.3673469 0.9795918 3 -5.688151
0.3673469 1 3 -5.785284
0.3877551 0 3 -5.821358
0.3877551 0.02040816 3 -5.724224
0.3877551 0.04081633 3 -5.439177
0.3877551 0.06122449 3 -4.984862
0.3877551 0.08163265 3 -4.390994
0.3877551 0.1020408 3 -3.696421
0.3877551 0.122449 3 -2.946573
0.3877551 0.1428571 3 -2.190498
0.3877551 0.1632653 3 -1.477652
0.3877551 0.1836735 3 -0.8546617
0.3877551 0.2040816 3 -0.3622774
0.3877551 0.2244898 3 -0.03270602
0.3877551 0.244898 3 0.1124951
0.3877551 0.2653061 3 0.06382838
0.3877551 0.2857143 3 -0.175523
0.3877551 0.3061224 3 -0.5899029
0.3877551 0.3265306 3 -1.152207
0.3877551 0.3469388 3 -1.825654
0.3877551 0.3673469 3 -2.566194
0.3877551 0.3877551 3 -3.325388
0.3877551 0.4081633 3 -4.053578
0.3877551 0.4285714 3 -4.703131
0.3877551 0.4489796 3 -5.231561
0.3877551 0.4693878 3 -5.604302
0.3877551 0.4897959 3 -5.796974
0.3877551 0.5102041 3 -5.796974
0.3877551 0.5306122 3 -5.604302
0.3877551 0.5510204 3 -5.231561
0.3877551 0.5714286 3 -4.703131
0.3877551 0.5918367 3 -4.053578
0.3877551 0.6122449 3 -3.325388
0.3877551 0.6326531 3 -2.566194
0.3877551 0.6530612 3 -1.825654
0.3877551 0.6734694 3 -1.152207
0.3877551 0.6938776 3 -0.5899029
0.3877551 0.7142857 3 -0.175523
0.3877551 0.7346939 3 0.06382838
0.3877551 0.755102 3 0.1124951
0.3877551 0.7755102 3 -0.03270602
0.3877551 0.7959184 3 -0.3622774
0.3877551 0.8163265 3 -0.8546617
0.3877551 0.8367347 3 -1.477652
0.3877551 0.8571429 3 -2.190498
0.3877551 0.877551 3 -2.946573
0.3877551 0.8979592 3 -3.696421
0.3877551 0.9183673 3 -4.390994
0.3877551 0.9387755 3 -4.984862
0.3877551 0.9591837 3 -5.439177
0.3877551 0.9795918 3 -5.724224
0.3877551 1 3 -5.821358
0.4081633 0 3 -5.855958
0.4081633 0.02040816 3 -5.758824
0.4081633 0.04081633 3 -5.473777
0.4081633 0.06122449 3 -5.019462
0.4081633 0.08163265 3 -4.425595
0.4081633 0.1020408 3 -3.731021
0.4081633 0.122449 3 -2.981173
0.4081633 0.1428571 3 -2.225098
0.4081633 0.1632653 3 -1.512252
0.4081633 0.1836735 3 -0.889262
0.4081633 0.2040816 3 -0.3968777
0.4081633 0.2244898 3 -0.06730631
0.4081633 0.244898 3 0.07789484
0.4081633 0.2653061 3 0.02922809
0.4081633 0.2857143 3 -0.2101233
0.4081633 0.3061224 3 -0.6245032
0.4081633 0.3265306 3 -1.186807
0.4081633 0.3469388 3 -1.860254
0.4081633 0.3673469 3 -2.600794
0.4081633 0.3877551 3 -3.359989
0.4081633 0.4081633 3 -4.088178
0.4081633 0.4285714 3 -4.737731
0.4081633 0.4489796 3 -5.266161
0.4081633 0.4693878 3 -5.638902
0.4081633 0.4897959 3 -5.831575
0.4081633 0.5102041 3 -5.831575
0.4081633 0.5306122 3 -5.638902
0.4081633 0.5510204 3 -5.266161
0.4081633 0.5714286 3 -4.737731
0.4081633 0.5918367 3 -4.088178
0.4081633 0.6122449 3 -3.359989
0.4081633 0.6326531 3 -2.600794
0.4081633 0.6530612 3 -1.860254
0.4081633 0.6734694 3 -1.186807
0.4081633 0.6938776 3 -0.6245032
0.4081633 0.7142857 3 -0.2101233
0.4081633 0.7346939 3 0.02922809
0.4081633 0.755102 3 0.07789484
0.4081633 0.7755102 3 -0.06730631
0.4081633 0.7959184 3 -0.3968777
0.4081633 0.8163265 3 -0.889262
0.4081633 0.8367347 3 -1.512252
0.4081633 0.8571429 3 -2.225098
0.4081633 0.877551 3 -2.981173
0.4081633 0.8979592 3 -3.731021
0.4081633 0.9183673 3 -4.425595
0.4081633 0.9387755 3 -5.019462
0.4081633 0.9591837 3 -5.473777
0.4081633 0.9795918 3 -5.758824
0.4081633 1 3 -5.855958
0.4285714 0 3 -5.886822
0.4285714 0.02040816 3 -5.789688
0.4285714 0.04081633 3 -5.504641
0.4285714 0.06122449 3 -5.050326
0.4285714 0.08163265 3 -4.456459
0.4285714 0.1020408 3 -3.761885
0.4285714 0.122449 3 -3.012037
0.4285714 0.1428571 3 -2.255962
0.4285714 0.1632653 3 -1.543116
0.4285714 0.1836735 3 -0.9201259
0.4285714 0.2040816 3 -0.4277416
0.4285714 0.2244898 3 -0.09817016
0.4285714 0.244898 3 0.04703098
0.4285714 0.2653061 3 -0.001635766
0.4285714 0.2857143 3 -0.2409871
0.4285714 0.3061224 3 -0.655367
0.4285714 0.3265306 3 -1.217671
0.4285714 0.3469388 3 -1.891118
0.4285714 0.3673469 3 -2.631658
0.4285714 0.3877551 3 -3.390852
0.4285714 0.4081633 3 -4.119042
0.4285714 0.4285714 3 -4.768595
0.4285714 0.4489796 3 -5.297025
0.4285714 0.4693878 3 -5.669766
0.4285714 0.4897959 3 -5.862438
0.4285714 0.5102041 3 -5.862438
0.4285714 0.5306122 3 -5.669766
0.4285714 0.5510204 3 -5.297025
0.4285714 0.5714286 3 -4.768595
0.4285714 0.5918367 3 -4.119042
0.4285714 0.6122449 3 -3.390852
0.4285714 0.6326531 3 -2.631658
0.4285714 0.6530612 3 -1.891118
0.4285714 0.6734694 3 -1.217671
0.4285714 0.6938776 3 -0.655367
0.4285714 0.7142857 3 -0.2409871
0.4285714 0.7346939 3 -0.001635766
0.4285714 0.755102 3 0.04703098
0.4285714 0.7755102 3 -0.09817016
0.4285714 0.7959184 3 -0.4277416
0.4285714 0.8163265 3 -0.9201259
0.4285714 0.8367347 3 -1.543116
0.4285714 0.8571429 3 -2.255962
0.4285714 0.877551 3 -3.012037
0.4285714 0.8979592 3 -3.761885
0.4285714 0.9183673 3 -4.456459
0.4285714 0.9387755 3 -5.050326
0.4285714 0.9591837 3 -5.504641
0.4285714 0.9795918 3 -5.789688
0.4285714 1 3 -5.886822
0.4489796 0 3 -5.91193
0.4489796 0.02040816 3 -5.814797
0.4489796 0.04081633 3 -5.52975
0.4489796 0.06122449 3 -5.075434
0.4489796 0.08163265 3 -4.481567
0.4489796 0.1020408 3 -3.786994
0.4489796 0.122449 3 -3.037145
0.4489796 0.1428571 3 -2.281071
0.4489796 0.1632653 3 -1.568225
0.4489796 0.1836735 3 -0.9452345
0.4489796 0.2040816 3 -0.4528502
0.4489796 0.2244898 3 -0.1232788
0.4489796 0.244898 3 0.02192237
0.4489796 0.2653061 3 -0.02674438
0.4489796 0.2857143 3 -0.2660957
0.4489796 0.3061224 3 -0.6804756
0.4489796 0.3265306 3 -1.242779
0.4489796 0.3469388 3 -1.916227
0.4489796 0.3673469 3 -2.656767
0.4489796 0.3877551 3 -3.415961
0.4489796 0.4081633 3 -4.14415
0.4489796 0.4285714 3 -4.793704
0.4489796 0.4489796 3 -5.322133
0.4489796 0.4693878 3 -5.694875
0.4489796 0.4897959 3 -5.887547
0.4489796 0.5102041 3 -5.887547
0.4489796 0.5306122 3 -5.694875
0.4489796 0.5510204 3 -5.322133
0.4489796 0.5714286 3 -4.793704
0.4489796 0.5918367 3 -4.14415
0.4489796 0.6122449 3 -3.415961
0.4489796 0.6326531 3 -2.656767
0.4489796 0.6530612 3 -1.916227
0.4489796 0.6734694 3 -1.242779
0.4489796 0.6938776 3 -0.6804756
0.4489796 0.7142857 3 -0.2660957
0.4489796 0.7346939 3 -0.02674438
0.4489796 0.755102 3 0.02192237
0.4489796 0.7755102 3 -0.1232788
0.4489796 0.7959184 3 -0.4528502
0.4489796 0.8163265 3 -0.9452345
0.4489796 0.8367347 3 -1.568225
0.4489796 0.8571429 3 -2.281071
0.4489796 0.877551 3 -3.037145
0.4489796 0.8979592 3 -3.786994
0.4489796 0.9183673 3 -4.481567
0.4489796 0.9387755 3 -5.075434
0.4489796 0.9591837 3 -5.52975
0.4489796 0.9795918 3 -5.814797
0.4489796 1 3 -5.91193
0.4693878 0 3 -5.929641
0.4693878 0.02040816 3 -5.832508
0.4693878 0.04081633 3 -5.547461
0.4693878 0.06122449 3 -5.093145
0.4693878 0.08163265 3 -4.499278
0.4693878 0.1020408 3 -3.804705
0.4693878 0.122449 3 -3.054856
0.4693878 0.1428571 3 -2.298782
0.4693878 0.1632653 3 -1.585936
0.4693878 0.1836735 3 -0.9629455
0.4693878 0.2040816 3 -0.4705612
0.4693878 0.2244898 3 -0.1409898
0.4693878 0.244898 3 0.004211371
0.4693878 0.2653061 3 -0.04445538
0.4693878 0.2857143 3 -0.2838067
0.4693878 0.3061224 3 -0.6981866
0.4693878 0.3265306 3 -1.26049
0.4693878 0.3469388 3 -1.933938
0.4693878 0.3673469 3 -2.674478
0.4693878 0.3877551 3 -3.433672
0.4693878 0.4081633 3 -4.161861
0.4693878 0.4285714 3 -4.811415
0.4693878 0.4489796 3 -5.339844
0.4693878 0.4693878 3 -5.712586
0.4693878 0.4897959 3 -5.905258
0.4693878 0.5102041 3 -5.905258
0.4693878 0.5306122 3 -5.712586
0.4693878 0.5510204 3 -5.339844
0.4693878 0.5714286 3 -4.811415
0.4693878 0.5918367 3 -4.161861
0.4693878 0.6122449 3 -3.433672
0.4693878 0.6326531 3 -2.674478
0.4693878 0.6530612 3 -1.933938
0.4693878 0.6734694 3 -1.26049
0.4693878 0.6938776 3 -0.6981866
0.4693878 0.7142857 3 -0.2838067
0.4693878 0.7346939 3 -0.04445538
0.4693878 0.755102 3 0.004211371
0.4693878 0.7755102 3 -0.1409898
0.4693878 0.7959184 3 -0.4705612
0.4693878 0.8163265 3 -0.9629455
0.4693878 0.8367347 3 -1.585936
0.4693878 0.8571429 3 -2.298782
0.4693878 0.877551 3 -3.054856
0.4693878 0.8979592 3 -3.804705
0.4693878 0.9183673 3 -4.499278
0.4693878 0.9387755 3 -5.093145
0.4693878 0.9591837 3 -5.547461
0.4693878 0.9795918 3 -5.832508
0.4693878 1 3 -5.929641
0.4897959 0 3 -5.938796
0.4897959 0.02040816 3 -5.841663
0.4897959 0.04081633 3 -5.556616
0.4897959 0.06122449 3 -5.1023
0.4897959 0.08163265 3 -4.508433
0.4897959 0.1020408 3 -3.813859
0.4897959 0.122449 3 -3.064011
0.4897959 0.1428571 3 -2.307937
0.4897959 0.1632653 3 -1.595091
0.4897959 0.1836735 3 -0.9721004
0.4897959 0.2040816 3 -0.4797161
0.4897959 0.2244898 3 -0.1501447
0.4897959 0.244898 3 -0.004943544
0.4897959 0.2653061 3 -0.0536103
0.4897959 0.2857143 3 -0.2929616
0.4897959 0.3061224 3 -0.7073415
0.4897959 0.3265306 3 -1.269645
0.4897959 0.3469388 3 -1.943092
0.4897959 0.3673469 3 -2.683633
0.4897959 0.3877551 3 -3.442827
0.4897959 0.4081633 3 -4.171016
0.4897959 0.4285714 3 -4.82057
0.4897959 0.4489796 3 -5.348999
0.4897959 0.4693878 3 -5.721741
0.4897959 0.4897959 3 -5.914413
0.4897959 0.5102041 3 -5.914413
0.4897959 0.5306122 3 -5.721741
0.4897959 0.5510204 3 -5.348999
0.4897959 0.5714286 3 -4.82057
0.4897959 0.5918367 3 -4.171016
0.4897959 0.6122449 3 -3.442827
0.4897959 0.6326531 3 -2.683633
0.4897959 0.6530612 3 -1.943092
0.4897959 0.6734694 3 -1.269645
0.4897959 0.6938776 3 -0.7073415
0.4897959 0.7142857 3 -0.2929616
0.4897959 0.7346939 3 -0.0536103
0.4897959 0.755102 3 -0.004943544
0.4897959 0.7755102 3 -0.1501447
0.4897959 0.7959184 3 -0.4797161
0.4897959 0.8163265 3 -0.9721004
0.4897959 0.8367347 3 -1.595091
0.4897959 0.8571429 3 -2.307937
0.4897959 0.877551 3 -3.064011
0.4897959 0.8979592 3 -3.813859
0.4897959 0.9183673 3 -4.508433
0.4897959 0.9387755 3 -5.1023
0.4897959 0.9591837 3 -5.556616
0.4897959 0.9795918 3 -5.841663
0.4897959 1 3 -5.938796
0.5102041 0 3 -5.938796
0.5102041 0.02040816 3 -5.841663
0.5102041 0.04081633 3 -5.556616
0.5102041 0.06122449 3 -5.1023
0.5102041 0.08163265 3 -4.508433
0.5102041 0.1020408 3 -3.813859
0.5102041 0.122449 3 -3.064011
0.5102041 0.1428571 3 -2.307937
0.5102041 0.1632653 3 -1.595091
0.5102041 0.1836735 3 -0.9721004
0.5102041 0.2040816 3 -0.4797161
0.5102041 0.2244898 3 -0.1501447
0.5102041 0.244898 3 -0.004943544
0.5102041 0.2653061 3 -0.0536103
0.5102041 0.2857143 3 -0.2929616
0.5102041 0.3061224 3 -0.7073415
0.5102041 0.3265306 3 -1.269645
0.5102041 0.3469388 3 -1.943092
0.5102041 0.3673469 3 -2.683633
0.5102041 0.3877551 3 -3.442827
0.5102041 0.4081633 3 -4.171016
0.5102041 0.4285714 3 -4.82057
0.5102041 0.4489796 3 -5.348999
0.5102041 0.4693878 3 -5.721741
0.5102041 0.4897959 3 -5.914413
0.5102041 0.5102041 3 -5.914413
0.5102041 0.5306122 3 -5.721741
0.5102041 0.5510204 3 -5.348999
0.5102041 0.5714286 3 -4.82057
0.5102041 0.5918367 3 -4.171016
0.5102041 0.6122449 3 -3.442827
0.5102041 0.6326531 3 -2.683633
0.5102041 0.6530612 3 -1.943092
0.5102041 0.6734694 3 -1.269645
0.5102041 0.6938776 3 -0.7073415
0.5102041 0.7142857 3 -0.2929616
0.5102041 0.7346939 3 -0.0536103
0.5102041 0.755102 3 -0.004943544
0.5102041 0.7755102 3 -0.1501447
0.5102041 0.7959184 3 -0.4797161
0.5102041 0.8163265 3 -0.9721004
0.5102041 0.8367347 3 -1.595091
0.5102041 0.8571429 3 -2.307937
0.5102041 0.877551 3 -3.064011
0.5102041 0.8979592 3 -3.813859
0.5102041 0.9183673 3 -4.508433
0.5102041 0.9387755 3 -5.1023
0.5102041 0.9591837 3 -5.556616
0.5102041 0.9795918 3 -5.841663
0.5102041 1 3 -5.938796
0.5306122 0 3 -5.929641
0.5306122 0.02040816 3 -5.832508
0.5306122 0.04081633 3 -5.547461
0.5306122 0.06122449 3 -5.093145
0.5306122 0.08163265 3 -4.499278
0.5306122 0.1020408 3 -3.804705
0.5306122 0.122449 3 -3.054856
0.5306122 0.1428571 3 -2.298782
0.5306122 0.1632653 3 -1.585936
0.5306122 0.1836735 3 -0.9629455
0.5306122 0.2040816 3 -0.4705612
0.5306122 0.2244898 3 -0.1409898
0.5306122 0.244898 3 0.004211371
0.5306122 0.2653061 3 -0.04445538
0.5306122 0.2857143 3 -0.2838067
0.5306122 0.3061224 3 -0.6981866
0.5306122 0.3265306 3 -1.26049
0.5306122 0.3469388 3 -1.933938
0.5306122 0.3673469 3 -2.674478
0.5306122 0.3877551 3 -3.433672
0.5306122 0.4081633 3 -4.161861
0.5306122 0.4285714 3 -4.811415
0.5306122 0.4489796 3 -5.339844
0.5306122 0.4693878 3 -5.712586
0.5306122 0.4897959 3 -5.905258
0.5306122 0.5102041 3 -5.905258
0.5306122 0.5306122 3 -5.712586
0.5306122 0.5510204 3 -5.339844
0.5306122 0.5714286 3 -4.811415
0.5306122 0.5918367 3 -4.161861
0.5306122 0.6122449 3 -3.433672
0.5306122 0.6326531 3 -2.674478
0.5306122 0.6530612 3 -1.933938
0.5306122 0.6734694 3 -1.26049
0.5306122 0.6938776 3 -0.6981866
0.5306122 0.7142857 3 -0.2838067
0.5306122 0.7346939 3 -0.04445538
0.5306122 0.755102 3 0.004211371
0.5306122 0.7755102 3 -0.1409898
0.5306122 0.7959184 3 -0.4705612
0.5306122 0.8163265 3 -0.9629455
0.5306122 0.8367347 3 -1.585936
0.5306122 0.8571429 3 -2.298782
0.5306122 0.877551 3 -3.054856
0.5306122 0.8979592 3 -3.804705
0.5306122 0.9183673 3 -4.499278
0.5306122 0.9387755 3 -5.093145
0.5306122 0.9591837 3 -5.547461
0.5306122 0.9795918 3 -5.832508
0.5306122 1 3 -5.929641
0.5510204 0 3 -5.91193
0.5510204 0.02040816 3 -5.814797
0.5510204 0.04081633 3 -5.52975
0.5510204 0.06122449 3 -5.075434
0.5510204 0.08163265 3 -4.481567
0.5510204 0.1020408 3 -3.786994
0.5510204 0.122449 3 -3.037145
0.5510204 0.1428571 3 -2.281071
0.5510204 0.1632653 3 -1.568225
0.5510204 0.1836735 3 -0.9452345
0.5510204 0.2040816 3 -0.4528502
0.5510204 0.2244898 3 -0.1232788
0.5510204 0.244898 3 0.02192237
0.5510204 0.2653061 3 -0.02674438
0.5510204 0.2857143 3 -0.2660957
0.5510204 0.3061224 3 -0.6804756
0.5510204 0.3265306 3 -1.242779
0.5510204 0.3469388 3 -1.916227
0.5510204 0.3673469 3 -2.656767
0.5510204 0.3877551 3 -3.415961
0.5510204 0.4081633 3 -4.14415
0.5510204 0.4285714 3 -4.793704
0.5510204 0.4489796 3 -5.322133
0.5510204 0.4693878 3 -5.694875
0.5510204 0.4897959 3 -5.887547
0.5510204 0.5102041 3 -5.887547
0.5510204 0.5306122 3 -5.694875
0.5510204 0.5510204 3 -5.322133
0.5510204 0.5714286 3 -4.793704
0.5510204 0.5918367 3 -4.14415
0.5510204 0.6122449 3 -3.415961
0.5510204 0.6326531 3 -2.656767
0.5510204 0.6530612 3 -1.916227
0.5510204 0.6734694 3 -1.242779
0.5510204 0.6938776 3 -0.6804756
0.5510204 0.7142857 3 -0.2660957
0.5510204 0.7346939 3 -0.02674438
0.5510204 0.755102 3 0.02192237
0.5510204 0.7755102 3 -0.1232788
0.5510204 0.7959184 3 -0.4528502
0.5510204 0.8163265 3 -0.9452345
0.5510204 0.8367347 3 -1.568225
0.5510204 0.8571429 3 -2.281071
0.5510204 0.877551 3 -3.037145
0.5510204 0.8979592 3 -3.786994
0.5510204 0.9183673 3 -4.481567
0.5510204 0.9387755 3 -5.075434
0.5510204 0.9591837 3 -5.52975
0.5510204 0.9795918 3 -5.814797
0.5510204 1 3 -5.91193
0.5714286 0 3 -5.886822
0.5714286 0.02040816 3 -5.789688
0.5714286 0.04081633 3 -5.504641
0.5714286 0.06122449 3 -5.050326
0.5714286 0.08163265 3 -4.456459
0.5714286 0.1020408 3 -3.761885
0.5714286 0.122449 3 -3.012037
0.5714286 0.1428571 3 -2.255962
0.5714286 0.1632653 3 -1.543116
0.5714286 0.1836735 3 -0.9201259
0.5714286 0.2040816 3 -0.4277416
0.5714286 0.2244898 3 -0.09817016
0.5714286 0.244898 3 0.04703098
0.5714286 0.2653061 3 -0.001635766
0.5714286 0.2857143 3 -0.2409871
0.5714286 0.3061224 3 -0.655367
0.5714286 0.3265306 3 -1.217671
0.5714286 0.3469388 3 -1.891118
0.5714286 0.3673469 3 -2.631658
0.5714286 0.3877551 3 -3.390852
0.5714286 0.4081633 3 -4.119042
0.5714286 0.4285714 3 -4.768595
0.5714286 0.4489796 3 -5.297025
0.5714286 0.4693878 3 -5.669766
0.5714286 0.4897959 3 -5.862438
0.5714286 0.5102041 3 -5.862438
0.5714286 0.5306122 3 -5.669766
0.5714286 0.5510204 3 -5.297025
0.5714286 0.5714286 3 -4.768595
0.5714286 0.5918367 3 -4.119042
0.5714286 0.6122449 3 -3.390852
0.5714286 0.6326531 3 -2.631658
0.5714286 0.6530612 3 -1.891118
0.5714286 0.6734694 3 -1.217671
0.5714286 0.6938776 3 -0.655367
0.5714286 0.7142857 3 -0.2409871
0.5714286 0.7346939 3 -0.001635766
0.5714286 0.755102 3 0.04703098
0.5714286 0.7755102 3 -0.09817016
0.5714286 0.7959184 3 -0.4277416
0.5714286 0.8163265 3 -0.9201259
0.5714286 0.8367347 3 -1.543116
0.5714286 0.8571429 3 -2.255962
0.5714286 0.877551 3 -3.012037
0.5714286 0.8979592 3 -3.761885
0.5714286 0.9183673 3 -4.456459
0.5714286 0.9387755 3 -5.050326
0.5714286 0.9591837 3 -5.504641
0.5714286 0.9795918 3 -5.789688
0.5714286 1 3 -5.886822
0.5918367 0 3 -5.855958
0.5918367 0.02040816 3 -5.758824
0.5918367 0.04081633 3 -5.473777
0.5918367 0.06122449 3 -5.019462
0.5918367 0.08163265 3 -4.425595
0.5918367 0.1020408 3 -3.731021
0.5918367 0.122449 3 -2.981173
0.5918367 0.1428571 3 -2.225098
0.5918367 0.1632653 3 -1.512252
0.5918367 0.1836735 3 -0.889262
0.5918367 0.2040816 3 -0.3968777
0.5918367 0.2244898 3 -0.06730631
0.5918367 0.244898 3 0.07789484
0.5918367 0.2653061 3 0.02922809
0.5918367 0.2857143 3 -0.2101233
0.5918367 0.3061224 3 -0.6245032
0.5918367 0.3265306 3 -1.186807
0.5918367 0.3469388 3 -1.860254
0.5918367 0.3673469 3 -2.600794
0.5918367 0.3877551 3 -3.359989
0.5918367 0.4081633 3 -4.088178
0.5918367 0.4285714 3 -4.737731
0.5918367 0.4489796 3 -5.266161
0.5918367 0.4693878 3 -5.638902
0.5918367 0.4897959 3 -5.831575
0.5918367 0.5102041 3 -5.831575
0.5918367 0.5306122 3 -5.638902
0.5918367 0.5510204 3 -5.266161
0.5918367 0.5714286 3 -4.737731
0.5918367 0.5918367 3 -4.088178
0.5918367 0.6122449 3 -3.359989
0.5918367 0.6326531 3 -2.600794
0.5918367 0.6530612 3 -1.860254
0.5918367 0.6734694 3 -1.186807
0.5918367 0.6938776 3 -0.6245032
0.5918367 0.7142857 3 -0.2101233
0.5918367 0.7346939 3 0.02922809
0.5918367 0.755102 3 0.07789484
0.5918367 0.7755102 3 -0.06730631
0.5918367 0.7959184 3 -0.3968777
0.5918367 0.8163265 3 -0.889262
0.5918367 0.8367347 3 -1.512252
0.5918367 0.8571429 3 -2.225098
0.5918367 0.877551 3 -2.981173
0.5918367 0.8979592 3 -3.731021
0.5918367 0.9183673 3 -4.425595
0.5918367 0.9387755 3 -5.019462
0.5918367 0.9591837 3 -5.473777
0.5918367 0.9795918 3 -5.758824
0.5918367 1 3 -5.855958
0.6122449 0 3 -5.821358
0.6122449 0.02040816 3 -5.724224
0.6122449 0.04081633 3 -5.439177
0.6122449 0.06122449 3 -4.984862
0.6122449 0.08163265 3 -4.390994
0.6122449 0.1020408 3 -3.696421
0.6122449 0.122449 3 -2.946573
0.6122449 0.1428571 3 -2.190498
0.6122449 0.1632653 3 -1.477652
0.6122449 0.1836735 3 -0.8546617
0.6122449 0.2040816 3 -0.3622774
0.6122449 0.2244898 3 -0.03270602
0.6122449 0.244898 3 0.1124951
0.6122449 0.2653061 3 0.06382838
0.6122449 0.2857143 3 -0.175523
0.6122449 0.3061224 3 -0.5899029
0.6122449 0.3265306 3 -1.152207
0.6122449 0.3469388 3 -1.825654
0.6122449 0.3673469 3 -2.566194
0.6122449 0.3877551 3 -3.325388
0.6122449 0.4081633 3 -4.053578
0.6122449 0.4285714 3 -4.703131
0.6122449 0.4489796 3 -5.231561
0.6122449 0.4693878 3 -5.604302
0.6122449 0.4897959 3 -5.796974
0.6122449 0.5102041 3 -5.796974
0.6122449 0.5306122 3 -5.604302
0.6122449 0.5510204 3 -5.231561
0.6122449 0.5714286 3 -4.703131
0.6122449 0.5918367 3 -4.053578
0.6122449 0.6122449 3 -3.325388
0.6122449 0.6326531 3 -2.566194
0.6122449 0.6530612 3 -1.825654
0.6122449 0.6734694 3 -1.152207
0.6122449 0.6938776 3 -0.5899029
0.6122449 0.7142857 3 -0.175523
0.6122449 0.7346939 3 0.06382838
0.6122449 0.755102 3 0.1124951
0.6122449 0.7755102 3 -0.03270602
0.6122449 0.7959184 3 -0.3622774
0.6122449 0.8163265 3 -0.8546617
0.6122449 0.8367347 3 -1.477652
0.6122449 0.8571429 3 -2.190498
0.6122449 0.877551 3 -2.946573
0.6122449 0.8979592 3 -3.696421
0.6122449 0.9183673 3 -4.390994
0.6122449 0.9387755 3 -4.984862
0.6122449 0.9591837 3 -5.439177
0.6122449 0.9795918 3 -5.724224
0.6122449 1 3 -5.821358
0.6326531 0 3 -5.785284
0.6326531 0.02040816 3 -5.688151
0.6326531 0.04081633 3 -5.403104
0.6326531 0.06122449 3 -4.948788
0.6326531 0.08163265 3 -4.354921
0.6326531 0.1020408 3 -3.660347
0.6326531 0.122449 3 -2.910499
0.6326531 0.1428571 3 -2.154425
0.6326531 0.1632653 3 -1.441578
0.6326531 0.1836735 3 -0.8185882
0.6326531 0.2040816 3 -0.3262039
0.6326531 0.2244898 3 0.003367494
0.6326531 0.244898 3 0.1485686
0.6326531 0.2653061 3 0.09990189
0.6326531 0.2857143 3 -0.1394495
0.6326531 0.3061224 3 -0.5538294
0.6326531 0.3265306 3 -1.116133
0.6326531 0.3469388 3 -1.78958
0.6326531 0.3673469 3 -2.53012
0.6326531 0.3877551 3 -3.289315
0.6326531 0.4081633 3 -4.017504
0.6326531 0.4285714 3 -4.667057
0.6326531 0.4489796 3 -5.195487
0.6326531 0.4693878 3 -5.568229
0.6326531 0.4897959 3 -5.760901
0.6326531 0.5102041 3 -5.760901
0.6326531 0.5306122 3 -5.568229
0.6326531 0.5510204 3 -5.195487
0.6326531 0.5714286 3 -4.667057
0.6326531 0.5918367 3 -4.017504
0.6326531 0.6122449 3 -3.289315
0.6326531 0.6326531 3 -2.53012
0.6326531 0.6530612 3 -1.78958
0.6326531 0.6734694 3 -1.116133
0.6326531 0.6938776 3 -0.5538294
0.6326531 0.7142857 3 -0.1394495
0.6326531 0.7346939 3 0.09990189
0.6326531 0.755102 3 0.1485686
0.6326531 0.7755102 3 0.003367494
0.6326531 0.7959184 3 -0.3262039
0.6326531 0.8163265 3 -0.8185882
0.6326531 0.8367347 3 -1.441578
0.6326531 0.8571429 3 -2.154425
0.6326531 0.877551 3 -2.910499
0.6326531 0.8979592 3 -3.660347
0.6326531 0.9183673 3 -4.354921
0.6326531 0.9387755 3 -4.948788
0.6326531 0.9591837 3 -5.403104
0.6326531 0.9795918 3 -5.688151
0.6326531 1 3 -5.785284
0.6530612 0 3 -5.750097
0.6530612 0.02040816 3 -5.652964
0.6530612 0.04081633 3 -5.367917
0.6530612 0.06122449 3 -4.913601
0.6530612 0.08163265 3 -4.319734
0.6530612 0.1020408 3 -3.62516
0.6530612 0.122449 3 -2.875312
0.6530612 0.1428571 3 -2.119237
0.6530612 0.1632653 3 -1.406391
0.6530612 0.1836735 3 -0.7834011
0.6530612 0.2040816 3 -0.2910168
0.6530612 0.2244898 3 0.03855464
0.6530612 0.244898 3 0.1837558
0.6530612 0.2653061 3 0.135089
0.6530612 0.2857143 3 -0.1042623
0.6530612 0.3061224 3 -0.5186422
0.6530612 0.3265306 3 -1.080946
0.6530612 0.3469388 3 -1.754393
0.6530612 0.3673469 3 -2.494933
0.6530612 0.3877551 3 -3.254128
0.6530612 0.4081633 3 -3.982317
0.6530612 0.4285714 3 -4.63187
0.6530612 0.4489796 3 -5.1603
0.6530612 0.4693878 3 -5.533041
0.6530612 0.4897959 3 -5.725714
0.6530612 0.5102041 3 -5.725714
0.6530612 0.5306122 3 -5.533041
0.6530612 0.5510204 3 -5.1603
0.6530612 0.5714286 3 -4.63187
0.6530612 0.5918367 3 -3.982317
0.6530612 0.6122449 3 -3.254128
0.6530612 0.6326531 3 -2.494933
0.6530612 0.6530612 3 -1.754393
0.6530612 0.6734694 3 -1.080946
0.6530612 0.6938776 3 -0.5186422
0.6530612 0.7142857 3 -0.1042623
0.6530612 0.7346939 3 0.135089
0.6530612 0.755102 3 0.1837558
0.6530612 0.7755102 3 0.03855464
0.6530612 0.7959184 3 -0.2910168
0.6530612 0.8163265 3 -0.7834011
0.6530612 0.8367347 3 -1.406391
0.6530612 0.8571429 3 -2.119237
0.6530612 0.877551 3 -2.875312
0.6530612 0.8979592 3 -3.62516
0.6530612 0.9183673 3 -4.319734
0.6530612 0.9387755 3 -4.913601
0.6530612 0.9591837 3 -5.367917
0.6530612 0.9795918 3 -5.652964
0.6530612 1 3 -5.750097
0.6734694 0 3 -5.718098
0.6734694 0.02040816 3 -5.620964
0.6734694 0.04081633 3 -5.335917
0.6734694 0.06122449 3 -4.881602
0.6734694 0.08163265 3 -4.287735
0.6734694 0.1020408 3 -3.593161
0.6734694 0.122449 3 -2.843313
0.6734694 0.1428571 3 -2.087238
0.6734694 0.1632653 3 -1.374392
0.6734694 0.1836735 3 -0.7514019
0.6734694 0.2040816 3 -0.2590176
0.6734694 0.2244898 3 0.07055383
0.6734694 0.244898 3 0.215755
0.6734694 0.2653061 3 0.1670882
0.6734694 0.2857143 3 -0.07226312
0.6734694 0.3061224 3 -0.486643
0.6734694 0.3265306 3 -1.048947
0.6734694 0.3469388 3 -1.722394
0.6734694 0.3673469 3 -2.462934
0.6734694 0.3877551 3 -3.222128
0.6734694 0.4081633 3 -3.950318
0.6734694 0.4285714 3 -4.599871
0.6734694 0.4489796 3 -5.128301
0.6734694 0.4693878 3 -5.501042
0.6734694 0.4897959 3 -5.693714
0.6734694 0.5102041 3 -5.693714
0.6734694 0.5306122 3 -5.501042
0.6734694 0.5510204 3 -5.128301
0.6734694 0.5714286 3 -4.599871
0.6734694 0.5918367 3 -3.950318
0.6734694 0.6122449 3 -3.222128
0.6734694 0.6326531 3 -2.462934
0.6734694 0.6530612 3 -1.722394
0.6734694 0.6734694 3 -1.048947
0.6734694 0.6938776 3 -0.486643
0.6734694 0.7142857 3 -0.07226312
0.6734694 0.7346939 3 0.1670882
0.6734694 0.755102 3 0.215755
0.6734694 0.7755102 3 0.07055383
0.6734694 0.7959184 3 -0.2590176
0.6734694 0.8163265 3 -0.7514019
0.6734694 0.8367347 3 -1.374392
0.6734694 0.8571429 3 -2.087238
0.6734694 0.877551 3 -2.843313
0.6734694 0.8979592 3 -3.593161
0.6734694 0.9183673 3 -4.287735
0.6734694 0.9387755 3 -4.881602
0.6734694 0.9591837 3 -5.335917
0.6734694 0.9795918 3 -5.620964
0.6734694 1 3 -5.718098
0.6938776 0 3 -5.69138
0.6938776 0.02040816 3 -5.594246
0.6938776 0.04081633 3 -5.309199
0.6938776 0.06122449 3 -4.854884
0.6938776 0.08163265 3 -4.261016
0.6938776 0.1020408 3 -3.566443
0.6938776 0.122449 3 -2.816595
0.6938776 0.1428571 3 -2.06052
0.6938776 0.1632653 3 -1.347674
0.6938776 0.1836735 3 -0.7246837
0.6938776 0.2040816 3 -0.2322994
0.6938776 0.2244898 3 0.09727198
0.6938776 0.244898 3 0.2424731
0.6938776 0.2653061 3 0.1938064
0.6938776 0.2857143 3 -0.04554497
0.6938776 0.3061224 3 -0.4599249
0.6938776 0.3265306 3 -1.022229
0.6938776 0.3469388 3 -1.695676
0.6938776 0.3673469 3 -2.436216
0.6938776 0.3877551 3 -3.19541
0.6938776 0.4081633 3 -3.9236
0.6938776 0.4285714 3 -4.573153
0.6938776 0.4489796 3 -5.101583
0.6938776 0.4693878 3 -5.474324
0.6938776 0.4897959 3 -5.666996
0.6938776 0.5102041 3 -5.666996
0.6938776 0.5306122 3 -5.474324
0.6938776 0.5510204 3 -5.101583
0.6938776 0.5714286 3 -4.573153
0.6938776 0.5918367 3 -3.9236
0.6938776 0.6122449 3 -3.19541
0.6938776 0.6326531 3 -2.436216
0.6938776 0.6530612 3 -1.695676
0.6938776 0.6734694 3 -1.022229
0.6938776 0.6938776 3 -0.4599249
0.6938776 0.7142857 3 -0.04554497
0.6938776 0.7346939 3 0.1938064
0.6938776 0.755102 3 0.2424731
0.6938776 0.7755102 3 0.09727198
0.6938776 0.7959184 3 -0.2322994
0.6938776 0.8163265 3 -0.7246837
0.6938776 0.8367347 3 -1.347674
0.6938776 0.8571429 3 -2.06052
0.6938776 0.877551 3 -2.816595
0.6938776 0.8979592 3 -3.566443
0.6938776 0.9183673 3 -4.261016
0.6938776 0.9387755 3 -4.854884
0.6938776 0.9591837 3 -5.309199
0.6938776 0.9795918 3 -5.594246
0.6938776 1 3 -5.69138
0.7142857 0 3 -5.67169
0.7142857 0.02040816 3 -5.574557
0.7142857 0.04081633 3 -5.28951
0.7142857 0.06122449 3 -4.835194
0.7142857 0.08163265 3 -4.241327
0.7142857 0.1020408 3 -3.546753
0.7142857 0.122449 3 -2.796905
0.7142857 0.1428571 3 -2.040831
0.7142857 0.1632653 3 -1.327984
0.7142857 0.1836735 3 -0.7049942
0.7142857 0.2040816 3 -0.2126099
0.7142857 0.2244898 3 0.1169615
0.7142857 0.244898 3 0.2621626
0.7142857 0.2653061 3 0.2134959
0.7142857 0.2857143 3 -0.02585549
0.7142857 0.3061224 3 -0.4402354
0.7142857 0.3265306 3 -1.002539
0.7142857 0.3469388 3 -1.675986
0.7142857 0.3673469 3 -2.416527
0.7142857 0.3877551 3 -3.175721
0.7142857 0.4081633 3 -3.90391
0.7142857 0.4285714 3 -4.553463
0.7142857 0.4489796 3 -5.081893
0.7142857 0.4693878 3 -5.454635
0.7142857 0.4897959 3 -5.647307
0.7142857 0.5102041 3 -5.647307
0.7142857 0.5306122 3 -5.454635
0.7142857 0.5510204 3 -5.081893
0.7142857 0.5714286 3 -4.553463
0.7142857 0.5918367 3 -3.90391
0.7142857 0.6122449 3 -3.175721
0.7142857 0.6326531 3 -2.416527
0.7142857 0.6530612 3 -1.675986
0.7142857 0.6734694 3 -1.002539
0.7142857 0.6938776 3 -0.4402354
0.7142857 0.7142857 3 -0.02585549
0.7142857 0.7346939 3 0.2134959
0.7142857 0.755102 3 0.2621626
0.7142857 0.7755102 3 0.1169615
0.7142857 0.7959184 3 -0.2126099
0.7142857 0.8163265 3 -0.7049942
0.7142857 0.8367347 3 -1.327984
0.7142857 0.8571429 3 -2.040831
0.7142857 0.877551 3 -2.796905
0.7142857 0.8979592 3 -3.546753
0.7142857 0.9183673 3 -4.241327
0.7142857 0.9387755 3 -4.835194
0.7142857 0.9591837 3 -5.28951
0.7142857 0.9795918 3 -5.574557
0.7142857 1 3 -5.67169
0.7346939 0 3 -5.660317
0.7346939 0.02040816 3 -5.563184
0.7346939 0.04081633 3 -5.278137
0.7346939 0.06122449 3 -4.823821
0.7346939 0.08163265 3 -4.229954
0.7346939 0.1020408 3 -3.53538
0.7346939 0.122449 3 -2.785532
0.7346939 0.1428571 3 -2.029458
0.7346939 0.1632653 3 -1.316612
0.7346939 0.1836735 3 -0.6936213
0.7346939 0.2040816 3 -0.201237
0.7346939 0.2244898 3 0.1283344
0.7346939 0.244898 3 0.2735355
0.7346939 0.2653061 3 0.2248688
0.7346939 0.2857143 3 -0.01448259
0.7346939 0.3061224 3 -0.4288625
0.7346939 0.3265306 3 -0.9911662
0.7346939 0.3469388 3 -1.664613
0.7346939 0.3673469 3 -2.405154
0.7346939 0.3877551 3 -3.164348
0.7346939 0.4081633 3 -3.892537
0.7346939 0.4285714 3 -4.542091
0.7346939 0.4489796 3 -5.07052
0.7346939 0.4693878 3 -5.443262
0.7346939 0.4897959 3 -5.635934
0.7346939 0.5102041 3 -5.635934
0.7346939 0.5306122 3 -5.443262
0.7346939 0.5510204 3 -5.07052
0.7346939 0.5714286 3 -4.542091
0.7346939 0.5918367 3 -3.892537
0.7346939 0.6122449 3 -3.164348
0.7346939 0.6326531 3 -2.405154
0.7346939 0.6530612 3 -1.664613
0.7346939 0.6734694 3 -0.9911662
0.7346939 0.6938776 3 -0.4288625
0.7346939 0.7142857 3 -0.01448259
0.7346939 0.7346939 3 0.2248688
0.7346939 0.755102 3 0.2735355
0.7346939 0.7755102 3 0.1283344
0.7346939 0.7959184 3 -0.201237
0.7346939 0.8163265 3 -0.6936213
0.7346939 0.8367347 3 -1.316612
0.7346939 0.8571429 3 -2.029458
0.7346939 0.877551 3 -2.785532
0.7346939 0.8979592 3 -3.53538
0.7346939 0.9183673 3 -4.229954
0.7346939 0.9387755 3 -4.823821
0.7346939 0.9591837 3 -5.278137
0.7346939 0.9795918 3 -5.563184
0.7346939 1 3 -5.660317
0.755102 0 3 -5.658005
0.755102 0.02040816 3 -5.560871
0.755102 0.04081633 3 -5.275824
0.755102 0.06122449 3 -4.821509
0.755102 0.08163265 3 -4.227642
0.755102 0.1020408 3 -3.533068
0.755102 0.122449 3 -2.78322
0.755102 0.1428571 3 -2.027145
0.755102 0.1632653 3 -1.314299
0.755102 0.1836735 3 -0.6913089
0.755102 0.2040816 3 -0.1989246
0.755102 0.2244898 3 0.1306468
0.755102 0.244898 3 0.2758479
0.755102 0.2653061 3 0.2271812
0.755102 0.2857143 3 -0.01217016
0.755102 0.3061224 3 -0.4265501
0.755102 0.3265306 3 -0.9888538
0.755102 0.3469388 3 -1.662301
0.755102 0.3673469 3 -2.402841
0.755102 0.3877551 3 -3.162036
0.755102 0.4081633 3 -3.890225
0.755102 0.4285714 3 -4.539778
0.755102 0.4489796 3 -5.068208
0.755102 0.4693878 3 -5.440949
0.755102 0.4897959 3 -5.633621
0.755102 0.5102041 3 -5.633621
0.755102 0.5306122 3 -5.440949
0.755102 0.5510204 3 -5.068208
0.755102 0.5714286 3 -4.539778
0.755102 0.5918367 3 -3.890225
0.755102 0.6122449 3 -3.162036
0.755102 0.6326531 3 -2.402841
0.755102 0.6530612 3 -1.662301
0.755102 0.6734694 3 -0.9888538
0.755102 0.6938776 3 -0.4265501
0.755102 0.7142857 3 -0.01217016
0.755102 0.7346939 3 0.2271812
0.755102 0.755102 3 0.2758479
0.755102 0.7755102 3 0.1306468
0.755102 0.7959184 3 -0.1989246
0.755102 0.8163265 3 -0.6913089
0.755102 0.8367347 3 -1.314299
0.755102 0.8571429 3 -2.027145
0.755102 0.877551 3 -2.78322
0.755102 0.8979592 3 -3.533068
0.755102 0.9183673 3 -4.227642
0.755102 0.9387755 3 -4.821509
0.755102 0.9591837 3 -5.275824
0.755102 0.9795918 3 -5.560871
0.755102 1 3 -5.658005
0.7755102 0 3 -5.664904
0.7755102 0.02040816 3 -5.567771
0.7755102 0.04081633 3 -5.282724
0.7755102 0.06122449 3 -4.828408
0.7755102 0.08163265 3 -4.234541
0.7755102 0.1020408 3 -3.539967
0.7755102 0.122449 3 -2.790119
0.7755102 0.1428571 3 -2.034045
0.7755102 0.1632653 3 -1.321198
0.7755102 0.1836735 3 -0.6982082
0.7755102 0.2040816 3 -0.2058239
0.7755102 0.2244898 3 0.1237475
0.7755102 0.244898 3 0.2689486
0.7755102 0.2653061 3 0.2202819
0.7755102 0.2857143 3 -0.01906947
0.7755102 0.3061224 3 -0.4334494
0.7755102 0.3265306 3 -0.9957531
0.7755102 0.3469388 3 -1.6692
0.7755102 0.3673469 3 -2.409741
0.7755102 0.3877551 3 -3.168935
0.7755102 0.4081633 3 -3.897124
0.7755102 0.4285714 3 -4.546677
0.7755102 0.4489796 3 -5.075107
0.7755102 0.4693878 3 -5.447849
0.7755102 0.4897959 3 -5.640521
0.7755102 0.5102041 3 -5.640521
0.7755102 0.5306122 3 -5.447849
0.7755102 0.5510204 3 -5.075107
0.7755102 0.5714286 3 -4.546677
0.7755102 0.5918367 3 -3.897124
0.7755102 0.6122449 3 -3.168935
0.7755102 0.6326531 3 -2.409741
0.7755102 0.6530612 3 -1.6692
0.7755102 0.6734694 3 -0.9957531
0.7755102 0.6938776 3 -0.4334494
0.7755102 0.7142857 3 -0.01906947
0.7755102 0.7346939 3 0.2202819
0.7755102 0.755102 3 0.2689486
0.7755102 0.7755102 3 0.1237475
0.7755102 0.7959184 3 -0.2058239
0.7755102 0.8163265 3 -0.6982082
0.7755102 0.8367347 3 -1.321198
0.7755102 0.8571429 3 -2.034045
0.7755102 0.877551 3 -2.790119
0.7755102 0.8979592 3 -3.539967
0.7755102 0.9183673 3 -4.234541
0.7755102 0.9387755 3 -4.828408
0.7755102 0.9591837 3 -5.282724
0.7755102 0.9795918 3 -5.567771
0.7755102 1 3 -5.664904
0.7959184 0 3 -5.680564
0.7959184 0.02040816 3 -5.58343
0.7959184 0.04081633 3 -5.298383
0.7959184 0.06122449 3 -4.844068
0.7959184 0.08163265 3 -4.250201
0.7959184 0.1020408 3 -3.555627
0.7959184 0.122449 3 -2.805779
0.7959184 0.1428571 3 -2.049704
0.7959184 0.1632653 3 -1.336858
0.7959184 0.1836735 3 -0.713868
0.7959184 0.2040816 3 -0.2214837
0.7959184 0.2244898 3 0.1080877
0.7959184 0.244898 3 0.2532889
0.7959184 0.2653061 3 0.2046221
0.7959184 0.2857143 3 -0.03472922
0.7959184 0.3061224 3 -0.4491091
0.7959184 0.3265306 3 -1.011413
0.7959184 0.3469388 3 -1.68486
0.7959184 0.3673469 3 -2.4254
0.7959184 0.3877551 3 -3.184595
0.7959184 0.4081633 3 -3.912784
0.7959184 0.4285714 3 -4.562337
0.7959184 0.4489796 3 -5.090767
0.7959184 0.4693878 3 -5.463508
0.7959184 0.4897959 3 -5.65618
0.7959184 0.5102041 3 -5.65618
0.7959184 0.5306122 3 -5.463508
0.7959184 0.5510204 3 -5.090767
0.7959184 0.5714286 3 -4.562337
0.7959184 0.5918367 3 -3.912784
0.7959184 0.6122449 3 -3.184595
0.7959184 0.6326531 3 -2.4254
0.7959184 0.6530612 3 -1.68486
0.7959184 0.6734694 3 -1.011413
0.7959184 0.6938776 3 -0.4491091
0.7959184 0.7142857 3 -0.03472922
0.7959184 0.7346939 3 0.2046221
0.7959184 0.755102 3 0.2532889
0.7959184 0.7755102 3 0.1080877
0.7959184 0.7959184 3 -0.2214837
0.7959184 0.8163265 3 -0.713868
0.7959184 0.8367347 3 -1.336858
0.7959184 0.8571429 3 -2.049704
0.7959184 0.877551 3 -2.805779
0.7959184 0.8979592 3 -3.555627
0.7959184 0.9183673 3 -4.250201
0.7959184 0.9387755 3 -4.844068
0.7959184 0.9591837 3 -5.298383
0.7959184 0.9795918 3 -5.58343
0.7959184 1 3 -5.680564
0.8163265 0 3 -5.70396
0.8163265 0.02040816 3 -5.606826
0.8163265 0.04081633 3 -5.321779
0.8163265 0.06122449 3 -4.867464
0.8163265 0.08163265 3 -4.273597
0.8163265 0.1020408 3 -3.579023
0.8163265 0.122449 3 -2.829175
0.8163265 0.1428571 3 -2.0731
0.8163265 0.1632653 3 -1.360254
0.8163265 0.1836735 3 -0.7372639
0.8163265 0.2040816 3 -0.2448796
0.8163265 0.2244898 3 0.08469183
0.8163265 0.244898 3 0.229893
0.8163265 0.2653061 3 0.1812262
0.8163265 0.2857143 3 -0.05812512
0.8163265 0.3061224 3 -0.472505
0.8163265 0.3265306 3 -1.034809
0.8163265 0.3469388 3 -1.708256
0.8163265 0.3673469 3 -2.448796
0.8163265 0.3877551 3 -3.20799
0.8163265 0.4081633 3 -3.93618
0.8163265 0.4285714 3 -4.585733
0.8163265 0.4489796 3 -5.114163
0.8163265 0.4693878 3 -5.486904
0.8163265 0.4897959 3 -5.679576
0.8163265 0.5102041 3 -5.679576
0.8163265 0.5306122 3 -5.486904
0.8163265 0.5510204 3 -5.114163
0.8163265 0.5714286 3 -4.585733
0.8163265 0.5918367 3 -3.93618
0.8163265 0.6122449 3 -3.20799
0.8163265 0.6326531 3 -2.448796
0.8163265 0.6530612 3 -1.708256
0.8163265 0.6734694 3 -1.034809
0.8163265 0.6938776 3 -0.472505
0.8163265 0.7142857 3 -0.05812512
0.8163265 0.7346939 3 0.1812262
0.8163265 0.755102 3 0.229893
0.8163265 0.7755102 3 0.08469183
0.8163265 0.7959184 3 -0.2448796
0.8163265 0.8163265 3 -0.7372639
0.8163265 0.8367347 3 -1.360254
0.8163265 0.8571429 3 -2.0731
0.8163265 0.877551 3 -2.829175
0.8163265 0.8979592 3 -3.579023
0.8163265 0.9183673 3 -4.273597
0.8163265 0.9387755 3 -4.867464
0.8163265 0.9591837 3 -5.321779
0.8163265 0.9795918 3 -5.606826
0.8163265 1 3 -5.70396
0.8367347 0 3 -5.733562
0.8367347 0.02040816 3 -5.636428
0.8367347 0.04081633 3 -5.351381
0.8367347 0.06122449 3 -4.897065
0.8367347 0.08163265 3 -4.303198
0.8367347 0.1020408 3 -3.608625
0.8367347 0.122449 3 -2.858777
0.8367347 0.1428571 3 -2.102702
0.8367347 0.1632653 3 -1.389856
0.8367347 0.1836735 3 -0.7668656
0.8367347 0.2040816 3 -0.2744813
0.8367347 0.2244898 3 0.05509013
0.8367347 0.244898 3 0.2002913
0.8367347 0.2653061 3 0.1516245
0.8367347 0.2857143 3 -0.08772682
0.8367347 0.3061224 3 -0.5021067
0.8367347 0.3265306 3 -1.06441
0.8367347 0.3469388 3 -1.737858
0.8367347 0.3673469 3 -2.478398
0.8367347 0.3877551 3 -3.237592
0.8367347 0.4081633 3 -3.965781
0.8367347 0.4285714 3 -4.615335
0.8367347 0.4489796 3 -5.143764
0.8367347 0.4693878 3 -5.516506
0.8367347 0.4897959 3 -5.709178
0.8367347 0.5102041 3 -5.709178
0.8367347 0.5306122 3 -5.516506
0.8367347 0.5510204 3 -5.143764
0.8367347 0.5714286 3 -4.615335
0.8367347 0.5918367 3 -3.965781
0.8367347 0.6122449 3 -3.237592
0.8367347 0.6326531 3 -2.478398
0.8367347 0.6530612 3 -1.737858
0.8367347 0.6734694 3 -1.06441
0.8367347 0.6938776 3 -0.5021067
0.8367347 0.7142857 3 -0.08772682
0.8367347 0.7346939 3 0.1516245
0.8367347 0.755102 3 0.2002913
0.8367347 0.7755102 3 0.05509013
0.8367347 0.7959184 3 -0.2744813
0.8367347 0.8163265 3 -0.7668656
0.8367347 0.8367347 3 -1.389856
0.8367347 0.8571429 3 -2.102702
0.8367347 0.877551 3 -2.858777
0.8367347 0.8979592 3 -3.608625
0.8367347 0.9183673 3 -4.303198
0.8367347 0.9387755 3 -4.897065
0.8367347 0.9591837 3 -5.351381
0.8367347 0.9795918 3 -5.636428
0.8367347 1 3 -5.733562
0.8571429 0 3 -5.767433
0.8571429 0.02040816 3 -5.670299
0.8571429 0.04081633 3 -5.385252
0.8571429 0.06122449 3 -4.930937
0.8571429 0.08163265 3 -4.33707
0.8571429 0.1020408 3 -3.642496
0.8571429 0.122449 3 -2.892648
0.8571429 0.1428571 3 -2.136573
0.8571429 0.1632653 3 -1.423727
0.8571429 0.1836735 3 -0.8007368
0.8571429 0.2040816 3 -0.3083525
0.8571429 0.2244898 3 0.02121888
0.8571429 0.244898 3 0.16642
0.8571429 0.2653061 3 0.1177533
0.8571429 0.2857143 3 -0.1215981
0.8571429 0.3061224 3 -0.535978
0.8571429 0.3265306 3 -1.098282
0.8571429 0.3469388 3 -1.771729
0.8571429 0.3673469 3 -2.512269
0.8571429 0.3877551 3 -3.271463
0.8571429 0.4081633 3 -3.999653
0.8571429 0.4285714 3 -4.649206
0.8571429 0.4489796 3 -5.177636
0.8571429 0.4693878 3 -5.550377
0.8571429 0.4897959 3 -5.743049
0.8571429 0.5102041 3 -5.743049
0.8571429 0.5306122 3 -5.550377
0.8571429 0.5510204 3 -5.177636
0.8571429 0.5714286 3 -4.649206
0.8571429 0.5918367 3 -3.999653
0.8571429 0.6122449 3 -3.271463
0.8571429 0.6326531 3 -2.512269
0.8571429 0.6530612 3 -1.771729
0.8571429 0.6734694 3 -1.098282
0.8571429 0.6938776 3 -0.535978
0.8571429 0.7142857 3 -0.1215981
0.8571429 0.7346939 3 0.1177533
0.8571429 0.755102 3 0.16642
0.8571429 0.7755102 3 0.02121888
0.8571429 0.7959184 3 -0.3083525
0.8571429 0.8163265 3 -0.8007368
0.8571429 0.8367347 3 -1.423727
0.8571429 0.8571429 3 -2.136573
0.8571429 0.877551 3 -2.892648
0.8571429 0.8979592 3 -3.642496
0.8571429 0.9183673 3 -4.33707
0.8571429 0.9387755 3 -4.930937
0.8571429 0.9591837 3 -5.385252
0.8571429 0.9795918 3 -5.670299
0.8571429 1 3 -5.767433
0.877551 0 3 -5.803358
0.877551 0.02040816 3 -5.706225
0.877551 0.04081633 3 -5.421178
0.877551 0.06122449 3 -4.966862
0.877551 0.08163265 3 -4.372995
0.877551 0.1020408 3 -3.678421
0.877551 0.122449 3 -2.928573
0.877551 0.1428571 3 -2.172498
0.877551 0.1632653 3 -1.459652
0.877551 0.1836735 3 -0.8366621
0.877551 0.2040816 3 -0.3442778
0.877551 0.2244898 3 -0.0147064
0.877551 0.244898 3 0.1304948
0.877551 0.2653061 3 0.081828
0.877551 0.2857143 3 -0.1575233
0.877551 0.3061224 3 -0.5719032
0.877551 0.3265306 3 -1.134207
0.877551 0.3469388 3 -1.807654
0.877551 0.3673469 3 -2.548194
0.877551 0.3877551 3 -3.307389
0.877551 0.4081633 3 -4.035578
0.877551 0.4285714 3 -4.685131
0.877551 0.4489796 3 -5.213561
0.877551 0.4693878 3 -5.586303
0.877551 0.4897959 3 -5.778975
0.877551 0.5102041 3 -5.778975
0.877551 0.5306122 3 -5.586303
0.877551 0.5510204 3 -5.213561
0.877551 0.5714286 3 -4.685131
0.877551 0.5918367 3 -4.035578
0.877551 0.6122449 3 -3.307389
0.877551 0.6326531 3 -2.548194
0.877551 0.6530612 3 -1.807654
0.877551 0.6734694 3 -1.134207
0.877551 0.6938776 3 -0.5719032
0.877551 0.7142857 3 -0.1575233
0.877551 0.7346939 3 0.081828
0.877551 0.755102 3 0.1304948
0.877551 0.7755102 3 -0.0147064
0.877551 0.7959184 3 -0.3442778
0.877551 0.8163265 3 -0.8366621
0.877551 0.8367347 3 -1.459652
0.877551 0.8571429 3 -2.172498
0.877551 0.877551 3 -2.928573
0.877551 0.8979592 3 -3.678421
0.877551 0.9183673 3 -4.372995
0.877551 0.9387755 3 -4.966862
0.877551 0.9591837 3 -5.421178
0.877551 0.9795918 3 -5.706225
0.877551 1 3 -5.803358
0.8979592 0 3 -5.838988
0.8979592 0.02040816 3 -5.741854
0.8979592 0.04081633 3 -5.456807
0.8979592 0.06122449 3 -5.002491
0.8979592 0.08163265 3 -4.408624
0.8979592 0.1020408 3 -3.714051
0.8979592 0.122449 3 -2.964202
0.8979592 0.1428571 3 -2.208128
0.8979592 0.1632653 3 -1.495282
0.8979592 0.1836735 3 -0.8722915
0.8979592 0.2040816 3 -0.3799072
0.8979592 0.2244898 3 -0.05033581
0.8979592 0.244898 3 0.09486534
0.8979592 0.2653061 3 0.04619858
0.8979592 0.2857143 3 -0.1931528
0.8979592 0.3061224 3 -0.6075327
0.8979592 0.3265306 3 -1.169836
0.8979592 0.3469388 3 -1.843284
0.8979592 0.3673469 3 -2.583824
0.8979592 0.3877551 3 -3.343018
0.8979592 0.4081633 3 -4.071207
0.8979592 0.4285714 3 -4.720761
0.8979592 0.4489796 3 -5.24919
0.8979592 0.4693878 3 -5.621932
0.8979592 0.4897959 3 -5.814604
0.8979592 0.5102041 3 -5.814604
0.8979592 0.5306122 3 -5.621932
0.8979592 0.5510204 3 -5.24919
0.8979592 0.5714286 3 -4.720761
0.8979592 0.5918367 3 -4.071207
0.8979592 0.6122449 3 -3.343018
0.8979592 0.6326531 3 -2.583824
0.8979592 0.6530612 3 -1.843284
0.8979592 0.6734694 3 -1.169836
0.8979592 0.6938776 3 -0.6075327
0.8979592 0.7142857 3 -0.1931528
0.8979592 0.7346939 3 0.04619858
0.8979592 0.755102 3 0.09486534
0.8979592 0.7755102 3 -0.05033581
0.8979592 0.7959184 3 -0.3799072
0.8979592 0.8163265 3 -0.8722915
0.8979592 0.8367347 3 -1.495282
0.8979592 0.8571429 3 -2.208128
0.8979592 0.877551 3 -2.964202
0.8979592 0.8979592 3 -3.714051
0.8979592 0.9183673 3 -4.408624
0.8979592 0.9387755 3 -5.002491
0.8979592 0.9591837 3 -5.456807
0.8979592 0.9795918 3 -5.741854
0.8979592 1 3 -5.838988
0.9183673 0 3 -5.871991
0.9183673 0.02040816 3 -5.774857
0.9183673 0.04081633 3 -5.48981
0.9183673 0.06122449 3 -5.035494
0.9183673 0.08163265 3 -4.441627
0.9183673 0.1020408 3 -3.747054
0.9183673 0.122449 3 -2.997206
0.9183673 0.1428571 3 -2.241131
0.9183673 0.1632653 3 -1.528285
0.9183673 0.1836735 3 -0.9052945
0.9183673 0.2040816 3 -0.4129102
0.9183673 0.2244898 3 -0.08333884
0.9183673 0.244898 3 0.06186231
0.9183673 0.2653061 3 0.01319556
0.9183673 0.2857143 3 -0.2261558
0.9183673 0.3061224 3 -0.6405357
0.9183673 0.3265306 3 -1.202839
0.9183673 0.3469388 3 -1.876287
0.9183673 0.3673469 3 -2.616827
0.9183673 0.3877551 3 -3.376021
0.9183673 0.4081633 3 -4.10421
0.9183673 0.4285714 3 -4.753764
0.9183673 0.4489796 3 -5.282193
0.9183673 0.4693878 3 -5.654935
0.9183673 0.4897959 3 -5.847607
0.9183673 0.5102041 3 -5.847607
0.9183673 0.5306122 3 -5.654935
0.9183673 0.5510204 3 -5.282193
0.9183673 0.5714286 3 -4.753764
0.9183673 0.5918367 3 -4.10421
0.9183673 0.6122449 3 -3.376021
0.9183673 0.6326531 3 -2.616827
0.9183673 0.6530612 3 -1.876287
0.9183673 0.6734694 3 -1.202839
0.9183673 0.6938776 3 -0.6405357
0.9183673 0.7142857 3 -0.2261558
0.9183673 0.7346939 3 0.01319556
0.9183673 0.755102 3 0.06186231
0.9183673 0.7755102 3 -0.08333884
0.9183673 0.7959184 3 -0.4129102
0.9183673 0.8163265 3 -0.9052945
0.9183673 0.8367347 3 -1.528285
0.9183673 0.8571429 3 -2.241131
0.9183673 0.877551 3 -2.997206
0.9183673 0.8979592 3 -3.747054
0.9183673 0.9183673 3 -4.441627
0.9183673 0.9387755 3 -5.035494
0.9183673 0.9591837 3 -5.48981
0.9183673 0.9795918 3 -5.774857
0.9183673 1 3 -5.871991
0.9387755 0 3 -5.900208
0.9387755 0.02040816 3 -5.803075
0.9387755 0.04081633 3 -5.518028
0.9387755 0.06122449 3 -5.063712
0.9387755 0.08163265 3 -4.469845
0.9387755 0.1020408 3 -3.775271
0.9387755 0.122449 3 -3.025423
0.9387755 0.1428571 3 -2.269349
0.9387755 0.1632653 3 -1.556503
0.9387755 0.1836735 3 -0.9335124
0.9387755 0.2040816 3 -0.4411281
0.9387755 0.2244898 3 -0.1115567
0.9387755 0.244898 3 0.0336444
0.9387755 0.2653061 3 -0.01502235
0.9387755 0.2857143 3 -0.2543737
0.9387755 0.3061224 3 -0.6687536
0.9387755 0.3265306 3 -1.231057
0.9387755 0.3469388 3 -1.904505
0.9387755 0.3673469 3 -2.645045
0.9387755 0.3877551 3 -3.404239
0.9387755 0.4081633 3 -4.132428
0.9387755 0.4285714 3 -4.781982
0.9387755 0.4489796 3 -5.310411
0.9387755 0.4693878 3 -5.683153
0.9387755 0.4897959 3 -5.875825
0.9387755 0.5102041 3 -5.875825
0.9387755 0.5306122 3 -5.683153
0.9387755 0.5510204 3 -5.310411
0.9387755 0.5714286 3 -4.781982
0.9387755 0.5918367 3 -4.132428
0.9387755 0.6122449 3 -3.404239
0.9387755 0.6326531 3 -2.645045
0.9387755 0.6530612 3 -1.904505
0.9387755 0.6734694 3 -1.231057
0.9387755 0.6938776 3 -0.6687536
0.9387755 0.7142857 3 -0.2543737
0.9387755 0.7346939 3 -0.01502235
0.9387755 0.755102 3 0.0336444
0.9387755 0.7755102 3 -0.1115567
0.9387755 0.7959184 3 -0.4411281
0.9387755 0.8163265 3 -0.9335124
0.9387755 0.8367347 3 -1.556503
0.9387755 0.8571429 3 -2.269349
0.9387755 0.877551 3 -3.025423
0.9387755 0.8979592 3 -3.775271
0.9387755 0.9183673 3 -4.469845
0.9387755 0.9387755 3 -5.063712
0.9387755 0.9591837 3 -5.518028
0.9387755 0.9795918 3 -5.803075
0.9387755 1 3 -5.900208
0.9591837 0 3 -5.921795
0.9591837 0.02040816 3 -5.824662
0.9591837 0.04081633 3 -5.539615
0.9591837 0.06122449 3 -5.085299
0.9591837 0.08163265 3 -4.491432
0.9591837 0.1020408 3 -3.796859
0.9591837 0.122449 3 -3.04701
0.9591837 0.1428571 3 -2.290936
0.9591837 0.1632653 3 -1.57809
0.9591837 0.1836735 3 -0.9550995
0.9591837 0.2040816 3 -0.4627152
0.9591837 0.2244898 3 -0.1331438
0.9591837 0.244898 3 0.01205737
0.9591837 0.2653061 3 -0.03660938
0.9591837 0.2857143 3 -0.2759607
0.9591837 0.3061224 3 -0.6903406
0.9591837 0.3265306 3 -1.252644
0.9591837 0.3469388 3 -1.926092
0.9591837 0.3673469 3 -2.666632
0.9591837 0.3877551 3 -3.425826
0.9591837 0.4081633 3 -4.154015
0.9591837 0.4285714 3 -4.803569
0.9591837 0.4489796 3 -5.331998
0.9591837 0.4693878 3 -5.70474
0.9591837 0.4897959 3 -5.897412
0.9591837 0.5102041 3 -5.897412
0.9591837 0.5306122 3 -5.70474
0.9591837 0.5510204 3 -5.331998
0.9591837 0.5714286 3 -4.803569
0.9591837 0.5918367 3 -4.154015
0.9591837 0.6122449 3 -3.425826
0.9591837 0.6326531 3 -2.666632
0.9591837 0.6530612 3 -1.926092
0.9591837 0.6734694 3 -1.252644
0.9591837 0.6938776 3 -0.6903406
0.9591837 0.7142857 3 -0.2759607
0.9591837 0.7346939 3 -0.03660938
0.9591837 0.755102 3 0.01205737
0.9591837 0.7755102 3 -0.1331438
0.9591837 0.7959184 3 -0.4627152
0.9591837 0.8163265 3 -0.9550995
0.9591837 0.8367347 3 -1.57809
0.9591837 0.8571429 3 -2.290936
0.9591837 0.877551 3 -3.04701
0.9591837 0.8979592 3 -3.796859
0.9591837 0.9183673 3 -4.491432
0.9591837 0.9387755 3 -5.085299
0.9591837 0.9591837 3 -5.539615
0.9591837 0.9795918 3 -5.824662
0.9591837 1 3 -5.921795
0.9795918 0 3 -5.93534
0.9795918 0.02040816 3 -5.838206
0.9795918 0.04081633 3 -5.553159
0.9795918 0.06122449 3 -5.098844
0.9795918 0.08163265 3 -4.504976
0.9795918 0.1020408 3 -3.810403
0.9795918 0.122449 3 -3.060555
0.9795918 0.1428571 3 -2.30448
0.9795918 0.1632653 3 -1.591634
0.9795918 0.1836735 3 -0.9686436
0.9795918 0.2040816 3 -0.4762593
0.9795918 0.2244898 3 -0.1466879
0.9795918 0.244898 3 -0.001486788
0.9795918 0.2653061 3 -0.05015354
0.9795918 0.2857143 3 -0.2895049
0.9795918 0.3061224 3 -0.7038848
0.9795918 0.3265306 3 -1.266189
0.9795918 0.3469388 3 -1.939636
0.9795918 0.3673469 3 -2.680176
0.9795918 0.3877551 3 -3.43937
0.9795918 0.4081633 3 -4.16756
0.9795918 0.4285714 3 -4.817113
0.9795918 0.4489796 3 -5.345543
0.9795918 0.4693878 3 -5.718284
0.9795918 0.4897959 3 -5.910956
0.9795918 0.5102041 3 -5.910956
0.9795918 0.5306122 3 -5.718284
0.9795918 0.5510204 3 -5.345543
0.9795918 0.5714286 3 -4.817113
0.9795918 0.5918367 3 -4.16756
0.9795918 0.6122449 3 -3.43937
0.9795918 0.6326531 3 -2.680176
0.9795918 0.6530612 3 -1.939636
0.9795918 0.6734694 3 -1.266189
0.9795918 0.6938776 3 -0.7038848
0.9795918 0.7142857 3 -0.2895049
0.9795918 0.7346939 3 -0.05015354
0.9795918 0.755102 3 -0.001486788
0.9795918 0.7755102 3 -0.1466879
0.9795918 0.7959184 3 -0.4762593
0.9795918 0.8163265 3 -0.9686436
0.9795918 0.8367347 3 -1.591634
0.9795918 0.8571429 3 -2.30448
0.9795918 0.877551 3 -3.060555
0.9795918 0.8979592 3 -3.810403
0.9795918 0.9183673 3 -4.504976
0.9795918 0.9387755 3 -5.098844
0.9795918 0.9591837 3 -5.553159
0.9795918 0.9795918 3 -5.838206
0.9795918 1 3 -5.93534
1 0 3 -5.939955
1 0.02040816 3 -5.842821
1 0.04081633 3 -5.557774
1 0.06122449 3 -5.103459
1 0.08163265 3 -4.509592
1 0.1020408 3 -3.815018
1 0.122449 3 -3.06517
1 0.1428571 3 -2.309095
1 0.1632653 3 -1.596249
1 0.1836735 3 -0.973259
1 0.2040816 3 -0.4808747
1 0.2244898 3 -0.1513033
1 0.244898 3 -0.006102137
1 0.2653061 3 -0.05476889
1 0.2857143 3 -0.2941202
1 0.3061224 3 -0.7085001
1 0.3265306 3 -1.270804
1 0.3469388 3 -1.944251
1 0.3673469 3 -2.684791
1 0.3877551 3 -3.443986
1 0.4081633 3 -4.172175
1 0.4285714 3 -4.821728
1 0.4489796 3 -5.350158
1 0.4693878 3 -5.722899
1 0.4897959 3 -5.915572
1 0.5102041 3 -5.915572
1 0.5306122 3 -5.722899
1 0.5510204 3 -5.350158
1 0.5714286 3 -4.821728
1 0.5918367 3 -4.172175
1 0.6122449 3 -3.443986
1 0.6326531 3 -2.684791
1 0.6530612 3 -1.944251
1 0.6734694 3 -1.270804
1 0.6938776 3 -0.7085001
1 0.7142857 3 -0.2941202
1 0.7346939 3 -0.05476889
1 0.755102 3 -0.006102137
1 0.7755102 3 -0.1513033
1 0.7959184 3 -0.4808747
1 0.8163265 3 -0.973259
1 0.8367347 3 -1.596249
1 0.8571429 3 -2.309095
1 0.877551 3 -3.06517
1 0.8979592 3 -3.815018
1 0.9183673 3 -4.509592
1 0.9387755 3 -5.103459
1 0.9591837 3 -5.557774
1 0.9795918 3 -5.842821
1 1 3 -5.939955
