0 0 4 -3.921862
0 0.02040816 4 -3.857729
0 0.04081633 4 -3.669527
0 0.06122449 4 -3.369564
0 0.08163265 4 -2.977463
0 0.1020408 4 -2.51887
0 0.122449 4 -2.023782
0 0.1428571 4 -1.524583
0 0.1632653 4 -1.053925
0 0.1836735 4 -0.6425953
0 0.2040816 4 -0.317498
0 0.2244898 4 -0.09989816
0 0.244898 4 -0.004028943
0 0.2653061 4 -0.03616122
0 0.2857143 4 -0.1941932
0 0.3061224 4 -0.467788
0 0.3265306 4 -0.8390496
0 0.3469388 4 -1.283694
0 0.3673469 4 -1.772636
0 0.3877551 4 -2.273895
0 0.4081633 4 -2.754683
0 0.4285714 4 -3.183551
0 0.4489796 4 -3.532448
0 0.4693878 4 -3.778551
0 0.4897959 4 -3.905763
0 0.5102041 4 -3.905763
0 0.5306122 4 -3.778551
0 0.5510204 4 -3.532448
0 0.5714286 4 -3.183551
0 0.5918367 4 -2.754683
0 0.6122449 4 -2.273895
0 0.6326531 4 -1.772636
0 0.6530612 4 -1.283694
0 0.6734694 4 -0.8390496
0 0.6938776 4 -0.467788
0 0.7142857 4 -0.1941932
0 0.7346939 4 -0.03616122
0 0.755102 4 -0.004028943
0 0.7755102 4 -0.09989816
0 0.7959184 4 -0.317498
0 0.8163265 4 -0.6425953
0 0.8367347 4 -1.053925
0 0.8571429 4 -1.524583
0 0.877551 4 -2.023782
0 0.8979592 4 -2.51887
0 0.9183673 4 -2.977463
0 0.9387755 4 -3.369564
0 0.9591837 4 -3.669527
0 0.9795918 4 -3.857729
0 1 4 -3.921862
0.02040816 0 4 -3.946613
0.02040816 0.02040816 4 -3.882481
0.02040816 0.04081633 4 -3.694278
0.02040816 0.06122449 4 -3.394316
0.02040816 0.08163265 4 -3.002214
0.02040816 0.1020408 4 -2.543621
0.02040816 0.122449 4 -2.048533
0.02040816 0.1428571 4 -1.549334
0.02040816 0.1632653 4 -1.078677
0.02040816 0.1836735 4 -0.6673466
0.02040816 0.2040816 4 -0.3422494
0.02040816 0.2244898 4 -0.1246495
0.02040816 0.244898 4 -0.02878027
0.02040816 0.2653061 4 -0.06091255
0.02040816 0.2857143 4 -0.2189445
0.02040816 0.3061224 4 -0.4925393
0.02040816 0.3265306 4 -0.863801
0.02040816 0.3469388 4 -1.308445
0.02040816 0.3673469 4 -1.797388
0.02040816 0.3877551 4 -2.298647
0.02040816 0.4081633 4 -2.779434
0.02040816 0.4285714 4 -3.208303
0.02040816 0.4489796 4 -3.557199
0.02040816 0.4693878 4 -3.803302
0.02040816 0.4897959 4 -3.930514
0.02040816 0.5102041 4 -3.930514
0.02040816 0.5306122 4 -3.803302
0.02040816 0.5510204 4 -3.557199
0.02040816 0.5714286 4 -3.208303
0.02040816 0.5918367 4 -2.779434
0.02040816 0.6122449 4 -2.298647
0.02040816 0.6326531 4 -1.797388
0.02040816 0.6530612 4 -1.308445
0.02040816 0.6734694 4 -0.863801
0.02040816 0.6938776 4 -0.4925393
0.02040816 0.7142857 4 -0.2189445
0.02040816 0.7346939 4 -0.06091255
0.02040816 0.755102 4 -0.02878027
0.02040816 0.7755102 4 -0.1246495
0.02040816 0.7959184 4 -0.3422494
0.02040816 0.8163265 4 -0.6673466
0.02040816 0.8367347 4 -1.078677
0.02040816 0.8571429 4 -1.549334
0.02040816 0.877551 4 -2.048533
0.02040816 0.8979592 4 -2.543621
0.02040816 0.9183673 4 -3.002214
0.02040816 0.9387755 4 -3.394316
0.02040816 0.9591837 4 -3.694278
0.02040816 0.9795918 4 -3.882481
0.02040816 1 4 -3.946613
0.04081633 0 4 -4.019248
0.04081633 0.02040816 4 -3.955116
0.04081633 0.04081633 4 -3.766913
0.04081633 0.06122449 4 -3.466951
0.04081633 0.08163265 4 -3.074849
0.04081633 0.1020408 4 -2.616256
0.04081633 0.122449 4 -2.121168
0.04081633 0.1428571 4 -1.621969
0.04081633 0.1632653 4 -1.151312
0.04081633 0.1836735 4 -0.7399816
0.04081633 0.2040816 4 -0.4148844
0.04081633 0.2244898 4 -0.1972845
0.04081633 0.244898 4 -0.1014153
0.04081633 0.2653061 4 -0.1335475
0.04081633 0.2857143 4 -0.2915795
0.04081633 0.3061224 4 -0.5651743
0.04081633 0.3265306 4 -0.936436
0.04081633 0.3469388 4 -1.38108
0.04081633 0.3673469 4 -1.870023
0.04081633 0.3877551 4 -2.371282
0.04081633 0.4081633 4 -2.852069
0.04081633 0.4285714 4 -3.280938
0.04081633 0.4489796 4 -3.629834
0.04081633 0.4693878 4 -3.875937
0.04081633 0.4897959 4 -4.003149
0.04081633 0.5102041 4 -4.003149
0.04081633 0.5306122 4 -3.875937
0.04081633 0.5510204 4 -3.629834
0.04081633 0.5714286 4 -3.280938
0.04081633 0.5918367 4 -2.852069
0.04081633 0.6122449 4 -2.371282
0.04081633 0.6326531 4 -1.870023
0.04081633 0.6530612 4 -1.38108
0.04081633 0.6734694 4 -0.936436
0.04081633 0.6938776 4 -0.5651743
0.04081633 0.7142857 4 -0.2915795
0.04081633 0.7346939 4 -0.1335475
0.04081633 0.755102 4 -0.1014153
0.04081633 0.7755102 4 -0.1972845
0.04081633 0.7959184 4 -0.4148844
0.04081633 0.8163265 4 -0.7399816
0.04081633 0.8367347 4 -1.151312
0.04081633 0.8571429 4 -1.621969
0.04081633 0.877551 4 -2.121168
0.04081633 0.8979592 4 -2.616256
0.04081633 0.9183673 4 -3.074849
0.04081633 0.9387755 4 -3.466951
0.04081633 0.9591837 4 -3.766913
0.04081633 0.9795918 4 -3.955116
0.04081633 1 4 -4.019248
0.06122449 0 4 -4.135016
0.06122449 0.02040816 4 -4.070883
0.06122449 0.04081633 4 -3.882681
0.06122449 0.06122449 4 -3.582718
0.06122449 0.08163265 4 -3.190617
0.06122449 0.1020408 4 -2.732024
0.06122449 0.122449 4 -2.236936
0.06122449 0.1428571 4 -1.737737
0.06122449 0.1632653 4 -1.267079
0.06122449 0.1836735 4 -0.8557492
0.06122449 0.2040816 4 -0.5306519
0.06122449 0.2244898 4 -0.3130521
0.06122449 0.244898 4 -0.2171829
0.06122449 0.2653061 4 -0.2493151
0.06122449 0.2857143 4 -0.4073471
0.06122449 0.3061224 4 -0.6809419
0.06122449 0.3265306 4 -1.052204
0.06122449 0.3469388 4 -1.496848
0.06122449 0.3673469 4 -1.98579
0.06122449 0.3877551 4 -2.487049
0.06122449 0.4081633 4 -2.967837
0.06122449 0.4285714 4 -3.396705
0.06122449 0.4489796 4 -3.745601
0.06122449 0.4693878 4 -3.991704
0.06122449 0.4897959 4 -4.118916
0.06122449 0.5102041 4 -4.118916
0.06122449 0.5306122 4 -3.991704
0.06122449 0.5510204 4 -3.745601
0.06122449 0.5714286 4 -3.396705
0.06122449 0.5918367 4 -2.967837
0.06122449 0.6122449 4 -2.487049
0.06122449 0.6326531 4 -1.98579
0.06122449 0.6530612 4 -1.496848
0.06122449 0.6734694 4 -1.052204
0.06122449 0.6938776 4 -0.6809419
0.06122449 0.7142857 4 -0.4073471
0.06122449 0.7346939 4 -0.2493151
0.06122449 0.755102 4 -0.2171829
0.06122449 0.7755102 4 -0.3130521
0.06122449 0.7959184 4 -0.5306519
0.06122449 0.8163265 4 -0.8557492
0.06122449 0.8367347 4 -1.267079
0.06122449 0.8571429 4 -1.737737
0.06122449 0.877551 4 -2.236936
0.06122449 0.8979592 4 -2.732024
0.06122449 0.9183673 4 -3.190617
0.06122449 0.9387755 4 -3.582718
0.06122449 0.9591837 4 -3.882681
0.06122449 0.9795918 4 -4.070883
0.06122449 1 4 -4.135016
0.08163265 0 4 -4.286343
0.08163265 0.02040816 4 -4.222211
0.08163265 0.04081633 4 -4.034008
0.08163265 0.06122449 4 -3.734046
0.08163265 0.08163265 4 -3.341945
0.08163265 0.1020408 4 -2.883351
0.08163265 0.122449 4 -2.388263
0.08163265 0.1428571 4 -1.889064
0.08163265 0.1632653 4 -1.418407
0.08163265 0.1836735 4 -1.007077
0.08163265 0.2040816 4 -0.6819797
0.08163265 0.2244898 4 -0.4643799
0.08163265 0.244898 4 -0.3685106
0.08163265 0.2653061 4 -0.4006429
0.08163265 0.2857143 4 -0.5586749
0.08163265 0.3061224 4 -0.8322697
0.08163265 0.3265306 4 -1.203531
0.08163265 0.3469388 4 -1.648176
0.08163265 0.3673469 4 -2.137118
0.08163265 0.3877551 4 -2.638377
0.08163265 0.4081633 4 -3.119165
0.08163265 0.4285714 4 -3.548033
0.08163265 0.4489796 4 -3.896929
0.08163265 0.4693878 4 -4.143032
0.08163265 0.4897959 4 -4.270244
0.08163265 0.5102041 4 -4.270244
0.08163265 0.5306122 4 -4.143032
0.08163265 0.5510204 4 -3.896929
0.08163265 0.5714286 4 -3.548033
0.08163265 0.5918367 4 -3.119165
0.08163265 0.6122449 4 -2.638377
0.08163265 0.6326531 4 -2.137118
0.08163265 0.6530612 4 -1.648176
0.08163265 0.6734694 4 -1.203531
0.08163265 0.6938776 4 -0.8322697
0.08163265 0.7142857 4 -0.5586749
0.08163265 0.7346939 4 -0.4006429
0.08163265 0.755102 4 -0.3685106
0.08163265 0.7755102 4 -0.4643799
0.08163265 0.7959184 4 -0.6819797
0.08163265 0.8163265 4 -1.007077
0.08163265 0.8367347 4 -1.418407
0.08163265 0.8571429 4 -1.889064
0.08163265 0.877551 4 -2.388263
0.08163265 0.8979592 4 -2.883351
0.08163265 0.9183673 4 -3.341945
0.08163265 0.9387755 4 -3.734046
0.08163265 0.9591837 4 -4.034008
0.08163265 0.9795918 4 -4.222211
0.08163265 1 4 -4.286343
0.1020408 0 4 -4.463333
0.1020408 0.02040816 4 -4.399201
0.1020408 0.04081633 4 -4.210998
0.1020408 0.06122449 4 -3.911036
0.1020408 0.08163265 4 -3.518934
0.1020408 0.1020408 4 -3.060341
0.1020408 0.122449 4 -2.565253
0.1020408 0.1428571 4 -2.066054
0.1020408 0.1632653 4 -1.595397
0.1020408 0.1836735 4 -1.184067
0.1020408 0.2040816 4 -0.8589693
0.1020408 0.2244898 4 -0.6413695
0.1020408 0.244898 4 -0.5455003
0.1020408 0.2653061 4 -0.5776325
0.1020408 0.2857143 4 -0.7356645
0.1020408 0.3061224 4 -1.009259
0.1020408 0.3265306 4 -1.380521
0.1020408 0.3469388 4 -1.825165
0.1020408 0.3673469 4 -2.314108
0.1020408 0.3877551 4 -2.815367
0.1020408 0.4081633 4 -3.296154
0.1020408 0.4285714 4 -3.725023
0.1020408 0.4489796 4 -4.073919
0.1020408 0.4693878 4 -4.320022
0.1020408 0.4897959 4 -4.447234
0.1020408 0.5102041 4 -4.447234
0.1020408 0.5306122 4 -4.320022
0.1020408 0.5510204 4 -4.073919
0.1020408 0.5714286 4 -3.725023
0.1020408 0.5918367 4 -3.296154
0.1020408 0.6122449 4 -2.815367
0.1020408 0.6326531 4 -2.314108
0.1020408 0.6530612 4 -1.825165
0.1020408 0.6734694 4 -1.380521
0.1020408 0.6938776 4 -1.009259
0.1020408 0.7142857 4 -0.7356645
0.1020408 0.7346939 4 -0.5776325
0.1020408 0.755102 4 -0.5455003
0.1020408 0.7755102 4 -0.6413695
0.1020408 0.7959184 4 -0.8589693
0.1020408 0.8163265 4 -1.184067
0.1020408 0.8367347 4 -1.595397
0.1020408 0.8571429 4 -2.066054
0.1020408 0.877551 4 -2.565253
0.1020408 0.8979592 4 -3.060341
0.1020408 0.9183673 4 -3.518934
0.1020408 0.9387755 4 -3.911036
0.1020408 0.9591837 4 -4.210998
0.1020408 0.9795918 4 -4.399201
0.1020408 1 4 -4.463333
0.122449 0 4 -4.654408
0.122449 0.02040816 4 -4.590275
0.122449 0.04081633 4 -4.402072
0.122449 0.06122449 4 -4.10211
0.122449 0.08163265 4 -3.710009
0.122449 0.1020408 4 -3.251416
0.122449 0.122449 4 -2.756328
0.122449 0.1428571 4 -2.257128
0.122449 0.1632653 4 -1.786471
0.122449 0.1836735 4 -1.375141
0.122449 0.2040816 4 -1.050044
0.122449 0.2244898 4 -0.8324439
0.122449 0.244898 4 -0.7365747
0.122449 0.2653061 4 -0.768707
0.122449 0.2857143 4 -0.926739
0.122449 0.3061224 4 -1.200334
0.122449 0.3265306 4 -1.571595
0.122449 0.3469388 4 -2.01624
0.122449 0.3673469 4 -2.505182
0.122449 0.3877551 4 -3.006441
0.122449 0.4081633 4 -3.487229
0.122449 0.4285714 4 -3.916097
0.122449 0.4489796 4 -4.264993
0.122449 0.4693878 4 -4.511096
0.122449 0.4897959 4 -4.638308
0.122449 0.5102041 4 -4.638308
0.122449 0.5306122 4 -4.511096
0.122449 0.5510204 4 -4.264993
0.122449 0.5714286 4 -3.916097
0.122449 0.5918367 4 -3.487229
0.122449 0.6122449 4 -3.006441
0.122449 0.6326531 4 -2.505182
0.122449 0.6530612 4 -2.01624
0.122449 0.6734694 4 -1.571595
0.122449 0.6938776 4 -1.200334
0.122449 0.7142857 4 -0.926739
0.122449 0.7346939 4 -0.768707
0.122449 0.755102 4 -0.7365747
0.122449 0.7755102 4 -0.8324439
0.122449 0.7959184 4 -1.050044
0.122449 0.8163265 4 -1.375141
0.122449 0.8367347 4 -1.786471
0.122449 0.8571429 4 -2.257128
0.122449 0.877551 4 -2.756328
0.122449 0.8979592 4 -3.251416
0.122449 0.9183673 4 -3.710009
0.122449 0.9387755 4 -4.10211
0.122449 0.9591837 4 -4.402072
0.122449 0.9795918 4 -4.590275
0.122449 1 4 -4.654408
0.1428571 0 4 -4.847069
0.1428571 0.02040816 4 -4.782936
0.1428571 0.04081633 4 -4.594733
0.1428571 0.06122449 4 -4.294771
0.1428571 0.08163265 4 -3.90267
0.1428571 0.1020408 4 -3.444077
0.1428571 0.122449 4 -2.948989
0.1428571 0.1428571 4 -2.44979
0.1428571 0.1632653 4 -1.979132
0.1428571 0.1836735 4 -1.567802
0.1428571 0.2040816 4 -1.242705
0.1428571 0.2244898 4 -1.025105
0.1428571 0.244898 4 -0.9292358
0.1428571 0.2653061 4 -0.9613681
0.1428571 0.2857143 4 -1.1194
0.1428571 0.3061224 4 -1.392995
0.1428571 0.3265306 4 -1.764257
0.1428571 0.3469388 4 -2.208901
0.1428571 0.3673469 4 -2.697843
0.1428571 0.3877551 4 -3.199102
0.1428571 0.4081633 4 -3.67989
0.1428571 0.4285714 4 -4.108758
0.1428571 0.4489796 4 -4.457654
0.1428571 0.4693878 4 -4.703757
0.1428571 0.4897959 4 -4.830969
0.1428571 0.5102041 4 -4.830969
0.1428571 0.5306122 4 -4.703757
0.1428571 0.5510204 4 -4.457654
0.1428571 0.5714286 4 -4.108758
0.1428571 0.5918367 4 -3.67989
0.1428571 0.6122449 4 -3.199102
0.1428571 0.6326531 4 -2.697843
0.1428571 0.6530612 4 -2.208901
0.1428571 0.6734694 4 -1.764257
0.1428571 0.6938776 4 -1.392995
0.1428571 0.7142857 4 -1.1194
0.1428571 0.7346939 4 -0.9613681
0.1428571 0.755102 4 -0.9292358
0.1428571 0.7755102 4 -1.025105
0.1428571 0.7959184 4 -1.242705
0.1428571 0.8163265 4 -1.567802
0.1428571 0.8367347 4 -1.979132
0.1428571 0.8571429 4 -2.44979
0.1428571 0.877551 4 -2.948989
0.1428571 0.8979592 4 -3.444077
0.1428571 0.9183673 4 -3.90267
0.1428571 0.9387755 4 -4.294771
0.1428571 0.9591837 4 -4.594733
0.1428571 0.9795918 4 -4.782936
0.1428571 1 4 -4.847069
0.1632653 0 4 -5.028714
0.1632653 0.02040816 4 -4.964582
0.1632653 0.04081633 4 -4.776379
0.1632653 0.06122449 4 -4.476417
0.1632653 0.08163265 4 -4.084315
0.1632653 0.1020408 4 -3.625722
0.1632653 0.122449 4 -3.130634
0.1632653 0.1428571 4 -2.631435
0.1632653 0.1632653 4 -2.160778
0.1632653 0.1836735 4 -1.749448
0.1632653 0.2040816 4 -1.424351
0.1632653 0.2244898 4 -1.206751
0.1632653 0.244898 4 -1.110882
0.1632653 0.2653061 4 -1.143014
0.1632653 0.2857143 4 -1.301046
0.1632653 0.3061224 4 -1.574641
0.1632653 0.3265306 4 -1.945902
0.1632653 0.3469388 4 -2.390546
0.1632653 0.3673469 4 -2.879489
0.1632653 0.3877551 4 -3.380748
0.1632653 0.4081633 4 -3.861536
0.1632653 0.4285714 4 -4.290404
0.1632653 0.4489796 4 -4.6393
0.1632653 0.4693878 4 -4.885403
0.1632653 0.4897959 4 -5.012615
0.1632653 0.5102041 4 -5.012615
0.1632653 0.5306122 4 -4.885403
0.1632653 0.5510204 4 -4.6393
0.1632653 0.5714286 4 -4.290404
0.1632653 0.5918367 4 -3.861536
0.1632653 0.6122449 4 -3.380748
0.1632653 0.6326531 4 -2.879489
0.1632653 0.6530612 4 -2.390546
0.1632653 0.6734694 4 -1.945902
0.1632653 0.6938776 4 -1.574641
0.1632653 0.7142857 4 -1.301046
0.1632653 0.7346939 4 -1.143014
0.1632653 0.755102 4 -1.110882
0.1632653 0.7755102 4 -1.206751
0.1632653 0.7959184 4 -1.424351
0.1632653 0.8163265 4 -1.749448
0.1632653 0.8367347 4 -2.160778
0.1632653 0.8571429 4 -2.631435
0.1632653 0.877551 4 -3.130634
0.1632653 0.8979592 4 -3.625722
0.1632653 0.9183673 4 -4.084315
0.1632653 0.9387755 4 -4.476417
0.1632653 0.9591837 4 -4.776379
0.1632653 0.9795918 4 -4.964582
0.1632653 1 4 -5.028714
0.1836735 0 4 -5.187463
0.1836735 0.02040816 4 -5.123331
0.1836735 0.04081633 4 -4.935128
0.1836735 0.06122449 4 -4.635166
0.1836735 0.08163265 4 -4.243064
0.1836735 0.1020408 4 -3.784471
0.1836735 0.122449 4 -3.289383
0.1836735 0.1428571 4 -2.790184
0.1836735 0.1632653 4 -2.319527
0.1836735 0.1836735 4 -1.908197
0.1836735 0.2040816 4 -1.5831
0.1836735 0.2244898 4 -1.3655
0.1836735 0.244898 4 -1.26963
0.1836735 0.2653061 4 -1.301763
0.1836735 0.2857143 4 -1.459795
0.1836735 0.3061224 4 -1.733389
0.1836735 0.3265306 4 -2.104651
0.1836735 0.3469388 4 -2.549295
0.1836735 0.3673469 4 -3.038238
0.1836735 0.3877551 4 -3.539497
0.1836735 0.4081633 4 -4.020284
0.1836735 0.4285714 4 -4.449153
0.1836735 0.4489796 4 -4.798049
0.1836735 0.4693878 4 -5.044152
0.1836735 0.4897959 4 -5.171364
0.1836735 0.5102041 4 -5.171364
0.1836735 0.5306122 4 -5.044152
0.1836735 0.5510204 4 -4.798049
0.1836735 0.5714286 4 -4.449153
0.1836735 0.5918367 4 -4.020284
0.1836735 0.6122449 4 -3.539497
0.1836735 0.6326531 4 -3.038238
0.1836735 0.6530612 4 -2.549295
0.1836735 0.6734694 4 -2.104651
0.1836735 0.6938776 4 -1.733389
0.1836735 0.7142857 4 -1.459795
0.1836735 0.7346939 4 -1.301763
0.1836735 0.755102 4 -1.26963
0.1836735 0.7755102 4 -1.3655
0.1836735 0.7959184 4 -1.5831
0.1836735 0.8163265 4 -1.908197
0.1836735 0.8367347 4 -2.319527
0.1836735 0.8571429 4 -2.790184
0.1836735 0.877551 4 -3.289383
0.1836735 0.8979592 4 -3.784471
0.1836735 0.9183673 4 -4.243064
0.1836735 0.9387755 4 -4.635166
0.1836735 0.9591837 4 -4.935128
0.1836735 0.9795918 4 -5.123331
0.1836735 1 4 -5.187463
0.2040816 0 4 -5.312931
0.2040816 0.02040816 4 -5.248799
0.2040816 0.04081633 4 -5.060596
0.2040816 0.06122449 4 -4.760634
0.2040816 0.08163265 4 -4.368533
0.2040816 0.1020408 4 -3.909939
0.2040816 0.122449 4 -3.414851
0.2040816 0.1428571 4 -2.915652
0.2040816 0.1632653 4 -2.444995
0.2040816 0.1836735 4 -2.033665
0.2040816 0.2040816 4 -1.708568
0.2040816 0.2244898 4 -1.490968
0.2040816 0.244898 4 -1.395099
0.2040816 0.2653061 4 -1.427231
0.2040816 0.2857143 4 -1.585263
0.2040816 0.3061224 4 -1.858858
0.2040816 0.3265306 4 -2.230119
0.2040816 0.3469388 4 -2.674764
0.2040816 0.3673469 4 -3.163706
0.2040816 0.3877551 4 -3.664965
0.2040816 0.4081633 4 -4.145753
0.2040816 0.4285714 4 -4.574621
0.2040816 0.4489796 4 -4.923517
0.2040816 0.4693878 4 -5.16962
0.2040816 0.4897959 4 -5.296832
0.2040816 0.5102041 4 -5.296832
0.2040816 0.5306122 4 -5.16962
0.2040816 0.5510204 4 -4.923517
0.2040816 0.5714286 4 -4.574621
0.2040816 0.5918367 4 -4.145753
0.2040816 0.6122449 4 -3.664965
0.2040816 0.6326531 4 -3.163706
0.2040816 0.6530612 4 -2.674764
0.2040816 0.6734694 4 -2.230119
0.2040816 0.6938776 4 -1.858858
0.2040816 0.7142857 4 -1.585263
0.2040816 0.7346939 4 -1.427231
0.2040816 0.755102 4 -1.395099
0.2040816 0.7755102 4 -1.490968
0.2040816 0.7959184 4 -1.708568
0.2040816 0.8163265 4 -2.033665
0.2040816 0.8367347 4 -2.444995
0.2040816 0.8571429 4 -2.915652
0.2040816 0.877551 4 -3.414851
0.2040816 0.8979592 4 -3.909939
0.2040816 0.9183673 4 -4.368533
0.2040816 0.9387755 4 -4.760634
0.2040816 0.9591837 4 -5.060596
0.2040816 0.9795918 4 -5.248799
0.2040816 1 4 -5.312931
0.2244898 0 4 -5.396912
0.2244898 0.02040816 4 -5.332779
0.2244898 0.04081633 4 -5.144577
0.2244898 0.06122449 4 -4.844615
0.2244898 0.08163265 4 -4.452513
0.2244898 0.1020408 4 -3.99392
0.2244898 0.122449 4 -3.498832
0.2244898 0.1428571 4 -2.999633
0.2244898 0.1632653 4 -2.528976
0.2244898 0.1836735 4 -2.117646
0.2244898 0.2040816 4 -1.792548
0.2244898 0.2244898 4 -1.574948
0.2244898 0.244898 4 -1.479079
0.2244898 0.2653061 4 -1.511211
0.2244898 0.2857143 4 -1.669243
0.2244898 0.3061224 4 -1.942838
0.2244898 0.3265306 4 -2.3141
0.2244898 0.3469388 4 -2.758744
0.2244898 0.3673469 4 -3.247687
0.2244898 0.3877551 4 -3.748945
0.2244898 0.4081633 4 -4.229733
0.2244898 0.4285714 4 -4.658602
0.2244898 0.4489796 4 -5.007498
0.2244898 0.4693878 4 -5.253601
0.2244898 0.4897959 4 -5.380813
0.2244898 0.5102041 4 -5.380813
0.2244898 0.5306122 4 -5.253601
0.2244898 0.5510204 4 -5.007498
0.2244898 0.5714286 4 -4.658602
0.2244898 0.5918367 4 -4.229733
0.2244898 0.6122449 4 -3.748945
0.2244898 0.6326531 4 -3.247687
0.2244898 0.6530612 4 -2.758744
0.2244898 0.6734694 4 -2.3141
0.2244898 0.6938776 4 -1.942838
0.2244898 0.7142857 4 -1.669243
0.2244898 0.7346939 4 -1.511211
0.2244898 0.755102 4 -1.479079
0.2244898 0.7755102 4 -1.574948
0.2244898 0.7959184 4 -1.792548
0.2244898 0.8163265 4 -2.117646
0.2244898 0.8367347 4 -2.528976
0.2244898 0.8571429 4 -2.999633
0.2244898 0.877551 4 -3.498832
0.2244898 0.8979592 4 -3.99392
0.2244898 0.9183673 4 -4.452513
0.2244898 0.9387755 4 -4.844615
0.2244898 0.9591837 4 -5.144577
0.2244898 0.9795918 4 -5.332779
0.2244898 1 4 -5.396912
0.244898 0 4 -5.433912
0.244898 0.02040816 4 -5.369779
0.244898 0.04081633 4 -5.181577
0.244898 0.06122449 4 -4.881614
0.244898 0.08163265 4 -4.489513
0.244898 0.1020408 4 -4.03092
0.244898 0.122449 4 -3.535832
0.244898 0.1428571 4 -3.036633
0.244898 0.1632653 4 -2.565975
0.244898 0.1836735 4 -2.154645
0.244898 0.2040816 4 -1.829548
0.244898 0.2244898 4 -1.611948
0.244898 0.244898 4 -1.516079
0.244898 0.2653061 4 -1.548211
0.244898 0.2857143 4 -1.706243
0.244898 0.3061224 4 -1.979838
0.244898 0.3265306 4 -2.3511
0.244898 0.3469388 4 -2.795744
0.244898 0.3673469 4 -3.284686
0.244898 0.3877551 4 -3.785945
0.244898 0.4081633 4 -4.266733
0.244898 0.4285714 4 -4.695601
0.244898 0.4489796 4 -5.044498
0.244898 0.4693878 4 -5.290601
0.244898 0.4897959 4 -5.417813
0.244898 0.5102041 4 -5.417813
0.244898 0.5306122 4 -5.290601
0.244898 0.5510204 4 -5.044498
0.244898 0.5714286 4 -4.695601
0.244898 0.5918367 4 -4.266733
0.244898 0.6122449 4 -3.785945
0.244898 0.6326531 4 -3.284686
0.244898 0.6530612 4 -2.795744
0.244898 0.6734694 4 -2.3511
0.244898 0.6938776 4 -1.979838
0.244898 0.7142857 4 -1.706243
0.244898 0.7346939 4 -1.548211
0.244898 0.755102 4 -1.516079
0.244898 0.7755102 4 -1.611948
0.244898 0.7959184 4 -1.829548
0.244898 0.8163265 4 -2.154645
0.244898 0.8367347 4 -2.565975
0.244898 0.8571429 4 -3.036633
0.244898 0.877551 4 -3.535832
0.244898 0.8979592 4 -4.03092
0.244898 0.9183673 4 -4.489513
0.244898 0.9387755 4 -4.881614
0.244898 0.9591837 4 -5.181577
0.244898 0.9795918 4 -5.369779
0.244898 1 4 -5.433912
0.2653061 0 4 -5.421511
0.2653061 0.02040816 4 -5.357378
0.2653061 0.04081633 4 -5.169176
0.2653061 0.06122449 4 -4.869213
0.2653061 0.08163265 4 -4.477112
0.2653061 0.1020408 4 -4.018519
0.2653061 0.122449 4 -3.523431
0.2653061 0.1428571 4 -3.024232
0.2653061 0.1632653 4 -2.553574
0.2653061 0.1836735 4 -2.142244
0.2653061 0.2040816 4 -1.817147
0.2653061 0.2244898 4 -1.599547
0.2653061 0.244898 4 -1.503678
0.2653061 0.2653061 4 -1.53581
0.2653061 0.2857143 4 -1.693842
0.2653061 0.3061224 4 -1.967437
0.2653061 0.3265306 4 -2.338699
0.2653061 0.3469388 4 -2.783343
0.2653061 0.3673469 4 -3.272285
0.2653061 0.3877551 4 -3.773544
0.2653061 0.4081633 4 -4.254332
0.2653061 0.4285714 4 -4.6832
0.2653061 0.4489796 4 -5.032096
0.2653061 0.4693878 4 -5.278199
0.2653061 0.4897959 4 -5.405411
0.2653061 0.5102041 4 -5.405411
0.2653061 0.5306122 4 -5.278199
0.2653061 0.5510204 4 -5.032096
0.2653061 0.5714286 4 -4.6832
0.2653061 0.5918367 4 -4.254332
0.2653061 0.6122449 4 -3.773544
0.2653061 0.6326531 4 -3.272285
0.2653061 0.6530612 4 -2.783343
0.2653061 0.6734694 4 -2.338699
0.2653061 0.6938776 4 -1.967437
0.2653061 0.7142857 4 -1.693842
0.2653061 0.7346939 4 -1.53581
0.2653061 0.755102 4 -1.503678
0.2653061 0.7755102 4 -1.599547
0.2653061 0.7959184 4 -1.817147
0.2653061 0.8163265 4 -2.142244
0.2653061 0.8367347 4 -2.553574
0.2653061 0.8571429 4 -3.024232
0.2653061 0.877551 4 -3.523431
0.2653061 0.8979592 4 -4.018519
0.2653061 0.9183673 4 -4.477112
0.2653061 0.9387755 4 -4.869213
0.2653061 0.9591837 4 -5.169176
0.2653061 0.9795918 4 -5.357378
0.2653061 1 4 -5.421511
0.2857143 0 4 -5.36052
0.2857143 0.02040816 4 -5.296387
0.2857143 0.04081633 4 -5.108185
0.2857143 0.06122449 4 -4.808222
0.2857143 0.08163265 4 -4.416121
0.2857143 0.1020408 4 -3.957528
0.2857143 0.122449 4 -3.46244
0.2857143 0.1428571 4 -2.963241
0.2857143 0.1632653 4 -2.492583
0.2857143 0.1836735 4 -2.081253
0.2857143 0.2040816 4 -1.756156
0.2857143 0.2244898 4 -1.538556
0.2857143 0.244898 4 -1.442687
0.2857143 0.2653061 4 -1.474819
0.2857143 0.2857143 4 -1.632851
0.2857143 0.3061224 4 -1.906446
0.2857143 0.3265306 4 -2.277708
0.2857143 0.3469388 4 -2.722352
0.2857143 0.3673469 4 -3.211294
0.2857143 0.3877551 4 -3.712553
0.2857143 0.4081633 4 -4.193341
0.2857143 0.4285714 4 -4.622209
0.2857143 0.4489796 4 -4.971106
0.2857143 0.4693878 4 -5.217209
0.2857143 0.4897959 4 -5.34442
0.2857143 0.5102041 4 -5.34442
0.2857143 0.5306122 4 -5.217209
0.2857143 0.5510204 4 -4.971106
0.2857143 0.5714286 4 -4.622209
0.2857143 0.5918367 4 -4.193341
0.2857143 0.6122449 4 -3.712553
0.2857143 0.6326531 4 -3.211294
0.2857143 0.6530612 4 -2.722352
0.2857143 0.6734694 4 -2.277708
0.2857143 0.6938776 4 -1.906446
0.2857143 0.7142857 4 -1.632851
0.2857143 0.7346939 4 -1.474819
0.2857143 0.755102 4 -1.442687
0.2857143 0.7755102 4 -1.538556
0.2857143 0.7959184 4 -1.756156
0.2857143 0.8163265 4 -2.081253
0.2857143 0.8367347 4 -2.492583
0.2857143 0.8571429 4 -2.963241
0.2857143 0.877551 4 -3.46244
0.2857143 0.8979592 4 -3.957528
0.2857143 0.9183673 4 -4.416121
0.2857143 0.9387755 4 -4.808222
0.2857143 0.9591837 4 -5.108185
0.2857143 0.9795918 4 -5.296387
0.2857143 1 4 -5.36052
0.3061224 0 4 -5.254928
0.3061224 0.02040816 4 -5.190796
0.3061224 0.04081633 4 -5.002593
0.3061224 0.06122449 4 -4.702631
0.3061224 0.08163265 4 -4.31053
0.3061224 0.1020408 4 -3.851936
0.3061224 0.122449 4 -3.356848
0.3061224 0.1428571 4 -2.857649
0.3061224 0.1632653 4 -2.386992
0.3061224 0.1836735 4 -1.975662
0.3061224 0.2040816 4 -1.650565
0.3061224 0.2244898 4 -1.432965
0.3061224 0.244898 4 -1.337096
0.3061224 0.2653061 4 -1.369228
0.3061224 0.2857143 4 -1.52726
0.3061224 0.3061224 4 -1.800855
0.3061224 0.3265306 4 -2.172116
0.3061224 0.3469388 4 -2.616761
0.3061224 0.3673469 4 -3.105703
0.3061224 0.3877551 4 -3.606962
0.3061224 0.4081633 4 -4.08775
0.3061224 0.4285714 4 -4.516618
0.3061224 0.4489796 4 -4.865514
0.3061224 0.4693878 4 -5.111617
0.3061224 0.4897959 4 -5.238829
0.3061224 0.5102041 4 -5.238829
0.3061224 0.5306122 4 -5.111617
0.3061224 0.5510204 4 -4.865514
0.3061224 0.5714286 4 -4.516618
0.3061224 0.5918367 4 -4.08775
0.3061224 0.6122449 4 -3.606962
0.3061224 0.6326531 4 -3.105703
0.3061224 0.6530612 4 -2.616761
0.3061224 0.6734694 4 -2.172116
0.3061224 0.6938776 4 -1.800855
0.3061224 0.7142857 4 -1.52726
0.3061224 0.7346939 4 -1.369228
0.3061224 0.755102 4 -1.337096
0.3061224 0.7755102 4 -1.432965
0.3061224 0.7959184 4 -1.650565
0.3061224 0.8163265 4 -1.975662
0.3061224 0.8367347 4 -2.386992
0.3061224 0.8571429 4 -2.857649
0.3061224 0.877551 4 -3.356848
0.3061224 0.8979592 4 -3.851936
0.3061224 0.9183673 4 -4.31053
0.3061224 0.9387755 4 -4.702631
0.3061224 0.9591837 4 -5.002593
0.3061224 0.9795918 4 -5.190796
0.3061224 1 4 -5.254928
0.3265306 0 4 -5.111644
0.3265306 0.02040816 4 -5.047511
0.3265306 0.04081633 4 -4.859308
0.3265306 0.06122449 4 -4.559346
0.3265306 0.08163265 4 -4.167245
0.3265306 0.1020408 4 -3.708652
0.3265306 0.122449 4 -3.213564
0.3265306 0.1428571 4 -2.714365
0.3265306 0.1632653 4 -2.243707
0.3265306 0.1836735 4 -1.832377
0.3265306 0.2040816 4 -1.50728
0.3265306 0.2244898 4 -1.28968
0.3265306 0.244898 4 -1.193811
0.3265306 0.2653061 4 -1.225943
0.3265306 0.2857143 4 -1.383975
0.3265306 0.3061224 4 -1.65757
0.3265306 0.3265306 4 -2.028831
0.3265306 0.3469388 4 -2.473476
0.3265306 0.3673469 4 -2.962418
0.3265306 0.3877551 4 -3.463677
0.3265306 0.4081633 4 -3.944465
0.3265306 0.4285714 4 -4.373333
0.3265306 0.4489796 4 -4.722229
0.3265306 0.4693878 4 -4.968332
0.3265306 0.4897959 4 -5.095544
0.3265306 0.5102041 4 -5.095544
0.3265306 0.5306122 4 -4.968332
0.3265306 0.5510204 4 -4.722229
0.3265306 0.5714286 4 -4.373333
0.3265306 0.5918367 4 -3.944465
0.3265306 0.6122449 4 -3.463677
0.3265306 0.6326531 4 -2.962418
0.3265306 0.6530612 4 -2.473476
0.3265306 0.6734694 4 -2.028831
0.3265306 0.6938776 4 -1.65757
0.3265306 0.7142857 4 -1.383975
0.3265306 0.7346939 4 -1.225943
0.3265306 0.755102 4 -1.193811
0.3265306 0.7755102 4 -1.28968
0.3265306 0.7959184 4 -1.50728
0.3265306 0.8163265 4 -1.832377
0.3265306 0.8367347 4 -2.243707
0.3265306 0.8571429 4 -2.714365
0.3265306 0.877551 4 -3.213564
0.3265306 0.8979592 4 -3.708652
0.3265306 0.9183673 4 -4.167245
0.3265306 0.9387755 4 -4.559346
0.3265306 0.9591837 4 -4.859308
0.3265306 0.9795918 4 -5.047511
0.3265306 1 4 -5.111644
0.3469388 0 4 -4.940037
0.3469388 0.02040816 4 -4.875905
0.3469388 0.04081633 4 -4.687702
0.3469388 0.06122449 4 -4.38774
0.3469388 0.08163265 4 -3.995638
0.3469388 0.1020408 4 -3.537045
0.3469388 0.122449 4 -3.041957
0.3469388 0.1428571 4 -2.542758
0.3469388 0.1632653 4 -2.072101
0.3469388 0.1836735 4 -1.660771
0.3469388 0.2040816 4 -1.335674
0.3469388 0.2244898 4 -1.118074
0.3469388 0.244898 4 -1.022205
0.3469388 0.2653061 4 -1.054337
0.3469388 0.2857143 4 -1.212369
0.3469388 0.3061224 4 -1.485964
0.3469388 0.3265306 4 -1.857225
0.3469388 0.3469388 4 -2.301869
0.3469388 0.3673469 4 -2.790812
0.3469388 0.3877551 4 -3.292071
0.3469388 0.4081633 4 -3.772859
0.3469388 0.4285714 4 -4.201727
0.3469388 0.4489796 4 -4.550623
0.3469388 0.4693878 4 -4.796726
0.3469388 0.4897959 4 -4.923938
0.3469388 0.5102041 4 -4.923938
0.3469388 0.5306122 4 -4.796726
0.3469388 0.5510204 4 -4.550623
0.3469388 0.5714286 4 -4.201727
0.3469388 0.5918367 4 -3.772859
0.3469388 0.6122449 4 -3.292071
0.3469388 0.6326531 4 -2.790812
0.3469388 0.6530612 4 -2.301869
0.3469388 0.6734694 4 -1.857225
0.3469388 0.6938776 4 -1.485964
0.3469388 0.7142857 4 -1.212369
0.3469388 0.7346939 4 -1.054337
0.3469388 0.755102 4 -1.022205
0.3469388 0.7755102 4 -1.118074
0.3469388 0.7959184 4 -1.335674
0.3469388 0.8163265 4 -1.660771
0.3469388 0.8367347 4 -2.072101
0.3469388 0.8571429 4 -2.542758
0.3469388 0.877551 4 -3.041957
0.3469388 0.8979592 4 -3.537045
0.3469388 0.9183673 4 -3.995638
0.3469388 0.9387755 4 -4.38774
0.3469388 0.9591837 4 -4.687702
0.3469388 0.9795918 4 -4.875905
0.3469388 1 4 -4.940037
0.3673469 0 4 -4.751335
0.3673469 0.02040816 4 -4.687202
0.3673469 0.04081633 4 -4.499
0.3673469 0.06122449 4 -4.199037
0.3673469 0.08163265 4 -3.806936
0.3673469 0.1020408 4 -3.348343
0.3673469 0.122449 4 -2.853255
0.3673469 0.1428571 4 -2.354056
0.3673469 0.1632653 4 -1.883398
0.3673469 0.1836735 4 -1.472068
0.3673469 0.2040816 4 -1.146971
0.3673469 0.2244898 4 -0.9293711
0.3673469 0.244898 4 -0.8335019
0.3673469 0.2653061 4 -0.8656342
0.3673469 0.2857143 4 -1.023666
0.3673469 0.3061224 4 -1.297261
0.3673469 0.3265306 4 -1.668523
0.3673469 0.3469388 4 -2.113167
0.3673469 0.3673469 4 -2.602109
0.3673469 0.3877551 4 -3.103368
0.3673469 0.4081633 4 -3.584156
0.3673469 0.4285714 4 -4.013024
0.3673469 0.4489796 4 -4.361921
0.3673469 0.4693878 4 -4.608024
0.3673469 0.4897959 4 -4.735235
0.3673469 0.5102041 4 -4.735235
0.3673469 0.5306122 4 -4.608024
0.3673469 0.5510204 4 -4.361921
0.3673469 0.5714286 4 -4.013024
0.3673469 0.5918367 4 -3.584156
0.3673469 0.6122449 4 -3.103368
0.3673469 0.6326531 4 -2.602109
0.3673469 0.6530612 4 -2.113167
0.3673469 0.6734694 4 -1.668523
0.3673469 0.6938776 4 -1.297261
0.3673469 0.7142857 4 -1.023666
0.3673469 0.7346939 4 -0.8656342
0.3673469 0.755102 4 -0.8335019
0.3673469 0.7755102 4 -0.9293711
0.3673469 0.7959184 4 -1.146971
0.3673469 0.8163265 4 -1.472068
0.3673469 0.8367347 4 -1.883398
0.3673469 0.8571429 4 -2.354056
0.3673469 0.877551 4 -2.853255
0.3673469 0.8979592 4 -3.348343
0.3673469 0.9183673 4 -3.806936
0.3673469 0.9387755 4 -4.199037
0.3673469 0.9591837 4 -4.499
0.3673469 0.9795918 4 -4.687202
0.3673469 1 4 -4.751335
0.3877551 0 4 -4.557879
0.3877551 0.02040816 4 -4.493746
0.3877551 0.04081633 4 -4.305543
0.3877551 0.06122449 4 -4.005581
0.3877551 0.08163265 4 -3.61348
0.3877551 0.1020408 4 -3.154887
0.3877551 0.122449 4 -2.659799
0.3877551 0.1428571 4 -2.1606
0.3877551 0.1632653 4 -1.689942
0.3877551 0.1836735 4 -1.278612
0.3877551 0.2040816 4 -0.9535149
0.3877551 0.2244898 4 -0.7359151
0.3877551 0.244898 4 -0.6400458
0.3877551 0.2653061 4 -0.6721781
0.3877551 0.2857143 4 -0.8302101
0.3877551 0.3061224 4 -1.103805
0.3877551 0.3265306 4 -1.475067
0.3877551 0.3469388 4 -1.919711
0.3877551 0.3673469 4 -2.408653
0.3877551 0.3877551 4 -2.909912
0.3877551 0.4081633 4 -3.3907
0.3877551 0.4285714 4 -3.819568
0.3877551 0.4489796 4 -4.168464
0.3877551 0.4693878 4 -4.414567
0.3877551 0.4897959 4 -4.541779
0.3877551 0.5102041 4 -4.541779
0.3877551 0.5306122 4 -4.414567
0.3877551 0.5510204 4 -4.168464
0.3877551 0.5714286 4 -3.819568
0.3877551 0.5918367 4 -3.3907
0.3877551 0.6122449 4 -2.909912
0.3877551 0.6326531 4 -2.408653
0.3877551 0.6530612 4 -1.919711
0.3877551 0.6734694 4 -1.475067
0.3877551 0.6938776 4 -1.103805
0.3877551 0.7142857 4 -0.8302101
0.3877551 0.7346939 4 -0.6721781
0.3877551 0.755102 4 -0.6400458
0.3877551 0.7755102 4 -0.7359151
0.3877551 0.7959184 4 -0.9535149
0.3877551 0.8163265 4 -1.278612
0.3877551 0.8367347 4 -1.689942
0.3877551 0.8571429 4 -2.1606
0.3877551 0.877551 4 -2.659799
0.3877551 0.8979592 4 -3.154887
0.3877551 0.9183673 4 -3.61348
0.3877551 0.9387755 4 -4.005581
0.3877551 0.9591837 4 -4.305543
0.3877551 0.9795918 4 -4.493746
0.3877551 1 4 -4.557879
0.4081633 0 4 -4.372323
0.4081633 0.02040816 4 -4.308191
0.4081633 0.04081633 4 -4.119988
0.4081633 0.06122449 4 -3.820026
0.4081633 0.08163265 4 -3.427924
0.4081633 0.1020408 4 -2.969331
0.4081633 0.122449 4 -2.474243
0.4081633 0.1428571 4 -1.975044
0.4081633 0.1632653 4 -1.504387
0.4081633 0.1836735 4 -1.093057
0.4081633 0.2040816 4 -0.7679595
0.4081633 0.2244898 4 -0.5503596
0.4081633 0.244898 4 -0.4544904
0.4081633 0.2653061 4 -0.4866227
0.4081633 0.2857143 4 -0.6446547
0.4081633 0.3061224 4 -0.9182494
0.4081633 0.3265306 4 -1.289511
0.4081633 0.3469388 4 -1.734155
0.4081633 0.3673469 4 -2.223098
0.4081633 0.3877551 4 -2.724357
0.4081633 0.4081633 4 -3.205144
0.4081633 0.4285714 4 -3.634013
0.4081633 0.4489796 4 -3.982909
0.4081633 0.4693878 4 -4.229012
0.4081633 0.4897959 4 -4.356224
0.4081633 0.5102041 4 -4.356224
0.4081633 0.5306122 4 -4.229012
0.4081633 0.5510204 4 -3.982909
0.4081633 0.5714286 4 -3.634013
0.4081633 0.5918367 4 -3.205144
0.4081633 0.6122449 4 -2.724357
0.4081633 0.6326531 4 -2.223098
0.4081633 0.6530612 4 -1.734155
0.4081633 0.6734694 4 -1.289511
0.4081633 0.6938776 4 -0.9182494
0.4081633 0.7142857 4 -0.6446547
0.4081633 0.7346939 4 -0.4866227
0.4081633 0.755102 4 -0.4544904
0.4081633 0.7755102 4 -0.5503596
0.4081633 0.7959184 4 -0.7679595
0.4081633 0.8163265 4 -1.093057
0.4081633 0.8367347 4 -1.504387
0.4081633 0.8571429 4 -1.975044
0.4081633 0.877551 4 -2.474243
0.4081633 0.8979592 4 -2.969331
0.4081633 0.9183673 4 -3.427924
0.4081633 0.9387755 4 -3.820026
0.4081633 0.9591837 4 -4.119988
0.4081633 0.9795918 4 -4.308191
0.4081633 1 4 -4.372323
0.4285714 0 4 -4.206806
0.4285714 0.02040816 4 -4.142673
0.4285714 0.04081633 4 -3.95447
0.4285714 0.06122449 4 -3.654508
0.4285714 0.08163265 4 -3.262407
0.4285714 0.1020408 4 -2.803814
0.4285714 0.122449 4 -2.308726
0.4285714 0.1428571 4 -1.809527
0.4285714 0.1632653 4 -1.338869
0.4285714 0.1836735 4 -0.9275392
0.4285714 0.2040816 4 -0.6024419
0.4285714 0.2244898 4 -0.384842
0.4285714 0.244898 4 -0.2889728
0.4285714 0.2653061 4 -0.3211051
0.4285714 0.2857143 4 -0.4791371
0.4285714 0.3061224 4 -0.7527318
0.4285714 0.3265306 4 -1.123994
0.4285714 0.3469388 4 -1.568638
0.4285714 0.3673469 4 -2.05758
0.4285714 0.3877551 4 -2.558839
0.4285714 0.4081633 4 -3.039627
0.4285714 0.4285714 4 -3.468495
0.4285714 0.4489796 4 -3.817391
0.4285714 0.4693878 4 -4.063494
0.4285714 0.4897959 4 -4.190706
0.4285714 0.5102041 4 -4.190706
0.4285714 0.5306122 4 -4.063494
0.4285714 0.5510204 4 -3.817391
0.4285714 0.5714286 4 -3.468495
0.4285714 0.5918367 4 -3.039627
0.4285714 0.6122449 4 -2.558839
0.4285714 0.6326531 4 -2.05758
0.4285714 0.6530612 4 -1.568638
0.4285714 0.6734694 4 -1.123994
0.4285714 0.6938776 4 -0.7527318
0.4285714 0.7142857 4 -0.4791371
0.4285714 0.7346939 4 -0.3211051
0.4285714 0.755102 4 -0.2889728
0.4285714 0.7755102 4 -0.384842
0.4285714 0.7959184 4 -0.6024419
0.4285714 0.8163265 4 -0.9275392
0.4285714 0.8367347 4 -1.338869
0.4285714 0.8571429 4 -1.809527
0.4285714 0.877551 4 -2.308726
0.4285714 0.8979592 4 -2.803814
0.4285714 0.9183673 4 -3.262407
0.4285714 0.9387755 4 -3.654508
0.4285714 0.9591837 4 -3.95447
0.4285714 0.9795918 4 -4.142673
0.4285714 1 4 -4.206806
0.4489796 0 4 -4.072152
0.4489796 0.02040816 4 -4.00802
0.4489796 0.04081633 4 -3.819817
0.4489796 0.06122449 4 -3.519855
0.4489796 0.08163265 4 -3.127754
0.4489796 0.1020408 4 -2.66916
0.4489796 0.122449 4 -2.174072
0.4489796 0.1428571 4 -1.674873
0.4489796 0.1632653 4 -1.204216
0.4489796 0.1836735 4 -0.792886
0.4489796 0.2040816 4 -0.4677887
0.4489796 0.2244898 4 -0.2501888
0.4489796 0.244898 4 -0.1543196
0.4489796 0.2653061 4 -0.1864519
0.4489796 0.2857143 4 -0.3444839
0.4489796 0.3061224 4 -0.6180786
0.4489796 0.3265306 4 -0.9893403
0.4489796 0.3469388 4 -1.433985
0.4489796 0.3673469 4 -1.922927
0.4489796 0.3877551 4 -2.424186
0.4489796 0.4081633 4 -2.904974
0.4489796 0.4285714 4 -3.333842
0.4489796 0.4489796 4 -3.682738
0.4489796 0.4693878 4 -3.928841
0.4489796 0.4897959 4 -4.056053
0.4489796 0.5102041 4 -4.056053
0.4489796 0.5306122 4 -3.928841
0.4489796 0.5510204 4 -3.682738
0.4489796 0.5714286 4 -3.333842
0.4489796 0.5918367 4 -2.904974
0.4489796 0.6122449 4 -2.424186
0.4489796 0.6326531 4 -1.922927
0.4489796 0.6530612 4 -1.433985
0.4489796 0.6734694 4 -0.9893403
0.4489796 0.6938776 4 -0.6180786
0.4489796 0.7142857 4 -0.3444839
0.4489796 0.7346939 4 -0.1864519
0.4489796 0.755102 4 -0.1543196
0.4489796 0.7755102 4 -0.2501888
0.4489796 0.7959184 4 -0.4677887
0.4489796 0.8163265 4 -0.792886
0.4489796 0.8367347 4 -1.204216
0.4489796 0.8571429 4 -1.674873
0.4489796 0.877551 4 -2.174072
0.4489796 0.8979592 4 -2.66916
0.4489796 0.9183673 4 -3.127754
0.4489796 0.9387755 4 -3.519855
0.4489796 0.9591837 4 -3.819817
0.4489796 0.9795918 4 -4.00802
0.4489796 1 4 -4.072152
0.4693878 0 4 -3.977171
0.4693878 0.02040816 4 -3.913039
0.4693878 0.04081633 4 -3.724836
0.4693878 0.06122449 4 -3.424874
0.4693878 0.08163265 4 -3.032772
0.4693878 0.1020408 4 -2.574179
0.4693878 0.122449 4 -2.079091
0.4693878 0.1428571 4 -1.579892
0.4693878 0.1632653 4 -1.109235
0.4693878 0.1836735 4 -0.6979049
0.4693878 0.2040816 4 -0.3728076
0.4693878 0.2244898 4 -0.1552077
0.4693878 0.244898 4 -0.05933852
0.4693878 0.2653061 4 -0.0914708
0.4693878 0.2857143 4 -0.2495028
0.4693878 0.3061224 4 -0.5230976
0.4693878 0.3265306 4 -0.8943592
0.4693878 0.3469388 4 -1.339003
0.4693878 0.3673469 4 -1.827946
0.4693878 0.3877551 4 -2.329205
0.4693878 0.4081633 4 -2.809993
0.4693878 0.4285714 4 -3.238861
0.4693878 0.4489796 4 -3.587757
0.4693878 0.4693878 4 -3.83386
0.4693878 0.4897959 4 -3.961072
0.4693878 0.5102041 4 -3.961072
0.4693878 0.5306122 4 -3.83386
0.4693878 0.5510204 4 -3.587757
0.4693878 0.5714286 4 -3.238861
0.4693878 0.5918367 4 -2.809993
0.4693878 0.6122449 4 -2.329205
0.4693878 0.6326531 4 -1.827946
0.4693878 0.6530612 4 -1.339003
0.4693878 0.6734694 4 -0.8943592
0.4693878 0.6938776 4 -0.5230976
0.4693878 0.7142857 4 -0.2495028
0.4693878 0.7346939 4 -0.0914708
0.4693878 0.755102 4 -0.05933852
0.4693878 0.7755102 4 -0.1552077
0.4693878 0.7959184 4 -0.3728076
0.4693878 0.8163265 4 -0.6979049
0.4693878 0.8367347 4 -1.109235
0.4693878 0.8571429 4 -1.579892
0.4693878 0.877551 4 -2.079091
0.4693878 0.8979592 4 -2.574179
0.4693878 0.9183673 4 -3.032772
0.4693878 0.9387755 4 -3.424874
0.4693878 0.9591837 4 -3.724836
0.4693878 0.9795918 4 -3.913039
0.4693878 1 4 -3.977171
0.4897959 0 4 -3.928075
0.4897959 0.02040816 4 -3.863943
0.4897959 0.04081633 4 -3.67574
0.4897959 0.06122449 4 -3.375778
0.4897959 0.08163265 4 -2.983676
0.4897959 0.1020408 4 -2.525083
0.4897959 0.122449 4 -2.029995
0.4897959 0.1428571 4 -1.530796
0.4897959 0.1632653 4 -1.060139
0.4897959 0.1836735 4 -0.6488086
0.4897959 0.2040816 4 -0.3237114
0.4897959 0.2244898 4 -0.1061115
0.4897959 0.244898 4 -0.01024228
0.4897959 0.2653061 4 -0.04237456
0.4897959 0.2857143 4 -0.2004065
0.4897959 0.3061224 4 -0.4740013
0.4897959 0.3265306 4 -0.845263
0.4897959 0.3469388 4 -1.289907
0.4897959 0.3673469 4 -1.77885
0.4897959 0.3877551 4 -2.280109
0.4897959 0.4081633 4 -2.760896
0.4897959 0.4285714 4 -3.189765
0.4897959 0.4489796 4 -3.538661
0.4897959 0.4693878 4 -3.784764
0.4897959 0.4897959 4 -3.911976
0.4897959 0.5102041 4 -3.911976
0.4897959 0.5306122 4 -3.784764
0.4897959 0.5510204 4 -3.538661
0.4897959 0.5714286 4 -3.189765
0.4897959 0.5918367 4 -2.760896
0.4897959 0.6122449 4 -2.280109
0.4897959 0.6326531 4 -1.77885
0.4897959 0.6530612 4 -1.289907
0.4897959 0.6734694 4 -0.845263
0.4897959 0.6938776 4 -0.4740013
0.4897959 0.7142857 4 -0.2004065
0.4897959 0.7346939 4 -0.04237456
0.4897959 0.755102 4 -0.01024228
0.4897959 0.7755102 4 -0.1061115
0.4897959 0.7959184 4 -0.3237114
0.4897959 0.8163265 4 -0.6488086
0.4897959 0.8367347 4 -1.060139
0.4897959 0.8571429 4 -1.530796
0.4897959 0.877551 4 -2.029995
0.4897959 0.8979592 4 -2.525083
0.4897959 0.9183673 4 -2.983676
0.4897959 0.9387755 4 -3.375778
0.4897959 0.9591837 4 -3.67574
0.4897959 0.9795918 4 -3.863943
0.4897959 1 4 -3.928075
0.5102041 0 4 -3.928075
0.5102041 0.02040816 4 -3.863943
0.5102041 0.04081633 4 -3.67574
0.5102041 0.06122449 4 -3.375778
0.5102041 0.08163265 4 -2.983676
0.5102041 0.1020408 4 -2.525083
0.5102041 0.122449 4 -2.029995
0.5102041 0.1428571 4 -1.530796
0.5102041 0.1632653 4 -1.060139
0.5102041 0.1836735 4 -0.6488086
0.5102041 0.2040816 4 -0.3237114
0.5102041 0.2244898 4 -0.1061115
0.5102041 0.244898 4 -0.01024228
0.5102041 0.2653061 4 -0.04237456
0.5102041 0.2857143 4 -0.2004065
0.5102041 0.3061224 4 -0.4740013
0.5102041 0.3265306 4 -0.845263
0.5102041 0.3469388 4 -1.289907
0.5102041 0.3673469 4 -1.77885
0.5102041 0.3877551 4 -2.280109
0.5102041 0.4081633 4 -2.760896
0.5102041 0.4285714 4 -3.189765
0.5102041 0.4489796 4 -3.538661
0.5102041 0.4693878 4 -3.784764
0.5102041 0.4897959 4 -3.911976
0.5102041 0.5102041 4 -3.911976
0.5102041 0.5306122 4 -3.784764
0.5102041 0.5510204 4 -3.538661
0.5102041 0.5714286 4 -3.189765
0.5102041 0.5918367 4 -2.760896
0.5102041 0.6122449 4 -2.280109
0.5102041 0.6326531 4 -1.77885
0.5102041 0.6530612 4 -1.289907
0.5102041 0.6734694 4 -0.845263
0.5102041 0.6938776 4 -0.4740013
0.5102041 0.7142857 4 -0.2004065
0.5102041 0.7346939 4 -0.04237456
0.5102041 0.755102 4 -0.01024228
0.5102041 0.7755102 4 -0.1061115
0.5102041 0.7959184 4 -0.3237114
0.5102041 0.8163265 4 -0.6488086
0.5102041 0.8367347 4 -1.060139
0.5102041 0.8571429 4 -1.530796
0.5102041 0.877551 4 -2.029995
0.5102041 0.8979592 4 -2.525083
0.5102041 0.9183673 4 -2.983676
0.5102041 0.9387755 4 -3.375778
0.5102041 0.9591837 4 -3.67574
0.5102041 0.9795918 4 -3.863943
0.5102041 1 4 -3.928075
0.5306122 0 4 -3.977171
0.5306122 0.02040816 4 -3.913039
0.5306122 0.04081633 4 -3.724836
0.5306122 0.06122449 4 -3.424874
0.5306122 0.08163265 4 -3.032772
0.5306122 0.1020408 4 -2.574179
0.5306122 0.122449 4 -2.079091
0.5306122 0.1428571 4 -1.579892
0.5306122 0.1632653 4 -1.109235
0.5306122 0.1836735 4 -0.6979049
0.5306122 0.2040816 4 -0.3728076
0.5306122 0.2244898 4 -0.1552077
0.5306122 0.244898 4 -0.05933852
0.5306122 0.2653061 4 -0.0914708
0.5306122 0.2857143 4 -0.2495028
0.5306122 0.3061224 4 -0.5230976
0.5306122 0.3265306 4 -0.8943592
0.5306122 0.3469388 4 -1.339003
0.5306122 0.3673469 4 -1.827946
0.5306122 0.3877551 4 -2.329205
0.5306122 0.4081633 4 -2.809993
0.5306122 0.4285714 4 -3.238861
0.5306122 0.4489796 4 -3.587757
0.5306122 0.4693878 4 -3.83386
0.5306122 0.4897959 4 -3.961072
0.5306122 0.5102041 4 -3.961072
0.5306122 0.5306122 4 -3.83386
0.5306122 0.5510204 4 -3.587757
0.5306122 0.5714286 4 -3.238861
0.5306122 0.5918367 4 -2.809993
0.5306122 0.6122449 4 -2.329205
0.5306122 0.6326531 4 -1.827946
0.5306122 0.6530612 4 -1.339003
0.5306122 0.6734694 4 -0.8943592
0.5306122 0.6938776 4 -0.5230976
0.5306122 0.7142857 4 -0.2495028
0.5306122 0.7346939 4 -0.0914708
0.5306122 0.755102 4 -0.05933852
0.5306122 0.7755102 4 -0.1552077
0.5306122 0.7959184 4 -0.3728076
0.5306122 0.8163265 4 -0.6979049
0.5306122 0.8367347 4 -1.109235
0.5306122 0.8571429 4 -1.579892
0.5306122 0.877551 4 -2.079091
0.5306122 0.8979592 4 -2.574179
0.5306122 0.9183673 4 -3.032772
0.5306122 0.9387755 4 -3.424874
0.5306122 0.9591837 4 -3.724836
0.5306122 0.9795918 4 -3.913039
0.5306122 1 4 -3.977171
0.5510204 0 4 -4.072152
0.5510204 0.02040816 4 -4.00802
0.5510204 0.04081633 4 -3.819817
0.5510204 0.06122449 4 -3.519855
0.5510204 0.08163265 4 -3.127754
0.5510204 0.1020408 4 -2.66916
0.5510204 0.122449 4 -2.174072
0.5510204 0.1428571 4 -1.674873
0.5510204 0.1632653 4 -1.204216
0.5510204 0.1836735 4 -0.792886
0.5510204 0.2040816 4 -0.4677887
0.5510204 0.2244898 4 -0.2501888
0.5510204 0.244898 4 -0.1543196
0.5510204 0.2653061 4 -0.1864519
0.5510204 0.2857143 4 -0.3444839
0.5510204 0.3061224 4 -0.6180786
0.5510204 0.3265306 4 -0.9893403
0.5510204 0.3469388 4 -1.433985
0.5510204 0.3673469 4 -1.922927
0.5510204 0.3877551 4 -2.424186
0.5510204 0.4081633 4 -2.904974
0.5510204 0.4285714 4 -3.333842
0.5510204 0.4489796 4 -3.682738
0.5510204 0.4693878 4 -3.928841
0.5510204 0.4897959 4 -4.056053
0.5510204 0.5102041 4 -4.056053
0.5510204 0.5306122 4 -3.928841
0.5510204 0.5510204 4 -3.682738
0.5510204 0.5714286 4 -3.333842
0.5510204 0.5918367 4 -2.904974
0.5510204 0.6122449 4 -2.424186
0.5510204 0.6326531 4 -1.922927
0.5510204 0.6530612 4 -1.433985
0.5510204 0.6734694 4 -0.9893403
0.5510204 0.6938776 4 -0.6180786
0.5510204 0.7142857 4 -0.3444839
0.5510204 0.7346939 4 -0.1864519
0.5510204 0.755102 4 -0.1543196
0.5510204 0.7755102 4 -0.2501888
0.5510204 0.7959184 4 -0.4677887
0.5510204 0.8163265 4 -0.792886
0.5510204 0.8367347 4 -1.204216
0.5510204 0.8571429 4 -1.674873
0.5510204 0.877551 4 -2.174072
0.5510204 0.8979592 4 -2.66916
0.5510204 0.9183673 4 -3.127754
0.5510204 0.9387755 4 -3.519855
0.5510204 0.9591837 4 -3.819817
0.5510204 0.9795918 4 -4.00802
0.5510204 1 4 -4.072152
0.5714286 0 4 -4.206806
0.5714286 0.02040816 4 -4.142673
0.5714286 0.04081633 4 -3.95447
0.5714286 0.06122449 4 -3.654508
0.5714286 0.08163265 4 -3.262407
0.5714286 0.1020408 4 -2.803814
0.5714286 0.122449 4 -2.308726
0.5714286 0.1428571 4 -1.809527
0.5714286 0.1632653 4 -1.338869
0.5714286 0.1836735 4 -0.9275392
0.5714286 0.2040816 4 -0.6024419
0.5714286 0.2244898 4 -0.384842
0.5714286 0.244898 4 -0.2889728
0.5714286 0.2653061 4 -0.3211051
0.5714286 0.2857143 4 -0.4791371
0.5714286 0.3061224 4 -0.7527318
0.5714286 0.3265306 4 -1.123994
0.5714286 0.3469388 4 -1.568638
0.5714286 0.3673469 4 -2.05758
0.5714286 0.3877551 4 -2.558839
0.5714286 0.4081633 4 -3.039627
0.5714286 0.4285714 4 -3.468495
0.5714286 0.4489796 4 -3.817391
0.5714286 0.4693878 4 -4.063494
0.5714286 0.4897959 4 -4.190706
0.5714286 0.5102041 4 -4.190706
0.5714286 0.5306122 4 -4.063494
0.5714286 0.5510204 4 -3.817391
0.5714286 0.5714286 4 -3.468495
0.5714286 0.5918367 4 -3.039627
0.5714286 0.6122449 4 -2.558839
0.5714286 0.6326531 4 -2.05758
0.5714286 0.6530612 4 -1.568638
0.5714286 0.6734694 4 -1.123994
0.5714286 0.6938776 4 -0.7527318
0.5714286 0.7142857 4 -0.4791371
0.5714286 0.7346939 4 -0.3211051
0.5714286 0.755102 4 -0.2889728
0.5714286 0.7755102 4 -0.384842
0.5714286 0.7959184 4 -0.6024419
0.5714286 0.8163265 4 -0.9275392
0.5714286 0.8367347 4 -1.338869
0.5714286 0.8571429 4 -1.809527
0.5714286 0.877551 4 -2.308726
0.5714286 0.8979592 4 -2.803814
0.5714286 0.9183673 4 -3.262407
0.5714286 0.9387755 4 -3.654508
0.5714286 0.9591837 4 -3.95447
0.5714286 0.9795918 4 -4.142673
0.5714286 1 4 -4.206806
0.5918367 0 4 -4.372323
0.5918367 0.02040816 4 -4.308191
0.5918367 0.04081633 4 -4.119988
0.5918367 0.06122449 4 -3.820026
0.5918367 0.08163265 4 -3.427924
0.5918367 0.1020408 4 -2.969331
0.5918367 0.122449 4 -2.474243
0.5918367 0.1428571 4 -1.975044
0.5918367 0.1632653 4 -1.504387
0.5918367 0.1836735 4 -1.093057
0.5918367 0.2040816 4 -0.7679595
0.5918367 0.2244898 4 -0.5503596
0.5918367 0.244898 4 -0.4544904
0.5918367 0.2653061 4 -0.4866227
0.5918367 0.2857143 4 -0.6446547
0.5918367 0.3061224 4 -0.9182494
0.5918367 0.3265306 4 -1.289511
0.5918367 0.3469388 4 -1.734155
0.5918367 0.3673469 4 -2.223098
0.5918367 0.3877551 4 -2.724357
0.5918367 0.4081633 4 -3.205144
0.5918367 0.4285714 4 -3.634013
0.5918367 0.4489796 4 -3.982909
0.5918367 0.4693878 4 -4.229012
0.5918367 0.4897959 4 -4.356224
0.5918367 0.5102041 4 -4.356224
0.5918367 0.5306122 4 -4.229012
0.5918367 0.5510204 4 -3.982909
0.5918367 0.5714286 4 -3.634013
0.5918367 0.5918367 4 -3.205144
0.5918367 0.6122449 4 -2.724357
0.5918367 0.6326531 4 -2.223098
0.5918367 0.6530612 4 -1.734155
0.5918367 0.6734694 4 -1.289511
0.5918367 0.6938776 4 -0.9182494
0.5918367 0.7142857 4 -0.6446547
0.5918367 0.7346939 4 -0.4866227
0.5918367 0.755102 4 -0.4544904
0.5918367 0.7755102 4 -0.5503596
0.5918367 0.7959184 4 -0.7679595
0.5918367 0.8163265 4 -1.093057
0.5918367 0.8367347 4 -1.504387
0.5918367 0.8571429 4 -1.975044
0.5918367 0.877551 4 -2.474243
0.5918367 0.8979592 4 -2.969331
0.5918367 0.9183673 4 -3.427924
0.5918367 0.9387755 4 -3.820026
0.5918367 0.9591837 4 -4.119988
0.5918367 0.9795918 4 -4.308191
0.5918367 1 4 -4.372323
0.6122449 0 4 -4.557879
0.6122449 0.02040816 4 -4.493746
0.6122449 0.04081633 4 -4.305543
0.6122449 0.06122449 4 -4.005581
0.6122449 0.08163265 4 -3.61348
0.6122449 0.1020408 4 -3.154887
0.6122449 0.122449 4 -2.659799
0.6122449 0.1428571 4 -2.1606
0.6122449 0.1632653 4 -1.689942
0.6122449 0.1836735 4 -1.278612
0.6122449 0.2040816 4 -0.9535149
0.6122449 0.2244898 4 -0.7359151
0.6122449 0.244898 4 -0.6400458
0.6122449 0.2653061 4 -0.6721781
0.6122449 0.2857143 4 -0.8302101
0.6122449 0.3061224 4 -1.103805
0.6122449 0.3265306 4 -1.475067
0.6122449 0.3469388 4 -1.919711
0.6122449 0.3673469 4 -2.408653
0.6122449 0.3877551 4 -2.909912
0.6122449 0.4081633 4 -3.3907
0.6122449 0.4285714 4 -3.819568
0.6122449 0.4489796 4 -4.168464
0.6122449 0.4693878 4 -4.414567
0.6122449 0.4897959 4 -4.541779
0.6122449 0.5102041 4 -4.541779
0.6122449 0.5306122 4 -4.414567
0.6122449 0.5510204 4 -4.168464
0.6122449 0.5714286 4 -3.819568
0.6122449 0.5918367 4 -3.3907
0.6122449 0.6122449 4 -2.909912
0.6122449 0.6326531 4 -2.408653
0.6122449 0.6530612 4 -1.919711
0.6122449 0.6734694 4 -1.475067
0.6122449 0.6938776 4 -1.103805
0.6122449 0.7142857 4 -0.8302101
0.6122449 0.7346939 4 -0.6721781
0.6122449 0.755102 4 -0.6400458
0.6122449 0.7755102 4 -0.7359151
0.6122449 0.7959184 4 -0.9535149
0.6122449 0.8163265 4 -1.278612
0.6122449 0.8367347 4 -1.689942
0.6122449 0.8571429 4 -2.1606
0.6122449 0.877551 4 -2.659799
0.6122449 0.8979592 4 -3.154887
0.6122449 0.9183673 4 -3.61348
0.6122449 0.9387755 4 -4.005581
0.6122449 0.9591837 4 -4.305543
0.6122449 0.9795918 4 -4.493746
0.6122449 1 4 -4.557879
0.6326531 0 4 -4.751335
0.6326531 0.02040816 4 -4.687202
0.6326531 0.04081633 4 -4.499
0.6326531 0.06122449 4 -4.199037
0.6326531 0.08163265 4 -3.806936
0.6326531 0.1020408 4 -3.348343
0.6326531 0.122449 4 -2.853255
0.6326531 0.1428571 4 -2.354056
0.6326531 0.1632653 4 -1.883398
0.6326531 0.1836735 4 -1.472068
0.6326531 0.2040816 4 -1.146971
0.6326531 0.2244898 4 -0.9293711
0.6326531 0.244898 4 -0.8335019
0.6326531 0.2653061 4 -0.8656342
0.6326531 0.2857143 4 -1.023666
0.6326531 0.3061224 4 -1.297261
0.6326531 0.3265306 4 -1.668523
0.6326531 0.3469388 4 -2.113167
0.6326531 0.3673469 4 -2.602109
0.6326531 0.3877551 4 -3.103368
0.6326531 0.4081633 4 -3.584156
0.6326531 0.4285714 4 -4.013024
0.6326531 0.4489796 4 -4.361921
0.6326531 0.4693878 4 -4.608024
0.6326531 0.4897959 4 -4.735235
0.6326531 0.5102041 4 -4.735235
0.6326531 0.5306122 4 -4.608024
0.6326531 0.5510204 4 -4.361921
0.6326531 0.5714286 4 -4.013024
0.6326531 0.5918367 4 -3.584156
0.6326531 0.6122449 4 -3.103368
0.6326531 0.6326531 4 -2.602109
0.6326531 0.6530612 4 -2.113167
0.6326531 0.6734694 4 -1.668523
0.6326531 0.6938776 4 -1.297261
0.6326531 0.7142857 4 -1.023666
0.6326531 0.7346939 4 -0.8656342
0.6326531 0.755102 4 -0.8335019
0.6326531 0.7755102 4 -0.9293711
0.6326531 0.7959184 4 -1.146971
0.6326531 0.8163265 4 -1.472068
0.6326531 0.8367347 4 -1.883398
0.6326531 0.8571429 4 -2.354056
0.6326531 0.877551 4 -2.853255
0.6326531 0.8979592 4 -3.348343
0.6326531 0.9183673 4 -3.806936
0.6326531 0.9387755 4 -4.199037
0.6326531 0.9591837 4 -4.499
0.6326531 0.9795918 4 -4.687202
0.6326531 1 4 -4.751335
0.6530612 0 4 -4.940037
0.6530612 0.02040816 4 -4.875905
0.6530612 0.04081633 4 -4.687702
0.6530612 0.06122449 4 -4.38774
0.6530612 0.08163265 4 -3.995638
0.6530612 0.1020408 4 -3.537045
0.6530612 0.122449 4 -3.041957
0.6530612 0.1428571 4 -2.542758
0.6530612 0.1632653 4 -2.072101
0.6530612 0.1836735 4 -1.660771
0.6530612 0.2040816 4 -1.335674
0.6530612 0.2244898 4 -1.118074
0.6530612 0.244898 4 -1.022205
0.6530612 0.2653061 4 -1.054337
0.6530612 0.2857143 4 -1.212369
0.6530612 0.3061224 4 -1.485964
0.6530612 0.3265306 4 -1.857225
0.6530612 0.3469388 4 -2.301869
0.6530612 0.3673469 4 -2.790812
0.6530612 0.3877551 4 -3.292071
0.6530612 0.4081633 4 -3.772859
0.6530612 0.4285714 4 -4.201727
0.6530612 0.4489796 4 -4.550623
0.6530612 0.4693878 4 -4.796726
0.6530612 0.4897959 4 -4.923938
0.6530612 0.5102041 4 -4.923938
0.6530612 0.5306122 4 -4.796726
0.6530612 0.5510204 4 -4.550623
0.6530612 0.5714286 4 -4.201727
0.6530612 0.5918367 4 -3.772859
0.6530612 0.6122449 4 -3.292071
0.6530612 0.6326531 4 -2.790812
0.6530612 0.6530612 4 -2.301869
0.6530612 0.6734694 4 -1.857225
0.6530612 0.6938776 4 -1.485964
0.6530612 0.7142857 4 -1.212369
0.6530612 0.7346939 4 -1.054337
0.6530612 0.755102 4 -1.022205
0.6530612 0.7755102 4 -1.118074
0.6530612 0.7959184 4 -1.335674
0.6530612 0.8163265 4 -1.660771
0.6530612 0.8367347 4 -2.072101
0.6530612 0.8571429 4 -2.542758
0.6530612 0.877551 4 -3.041957
0.6530612 0.8979592 4 -3.537045
0.6530612 0.9183673 4 -3.995638
0.6530612 0.9387755 4 -4.38774
0.6530612 0.9591837 4 -4.687702
0.6530612 0.9795918 4 -4.875905
0.6530612 1 4 -4.940037
0.6734694 0 4 -5.111644
0.6734694 0.02040816 4 -5.047511
0.6734694 0.04081633 4 -4.859308
0.6734694 0.06122449 4 -4.559346
0.6734694 0.08163265 4 -4.167245
0.6734694 0.1020408 4 -3.708652
0.6734694 0.122449 4 -3.213564
0.6734694 0.1428571 4 -2.714365
0.6734694 0.1632653 4 -2.243707
0.6734694 0.1836735 4 -1.832377
0.6734694 0.2040816 4 -1.50728
0.6734694 0.2244898 4 -1.28968
0.6734694 0.244898 4 -1.193811
0.6734694 0.2653061 4 -1.225943
0.6734694 0.2857143 4 -1.383975
0.6734694 0.3061224 4 -1.65757
0.6734694 0.3265306 4 -2.028831
0.6734694 0.3469388 4 -2.473476
0.6734694 0.3673469 4 -2.962418
0.6734694 0.3877551 4 -3.463677
0.6734694 0.4081633 4 -3.944465
0.6734694 0.4285714 4 -4.373333
0.6734694 0.4489796 4 -4.722229
0.6734694 0.4693878 4 -4.968332
0.6734694 0.4897959 4 -5.095544
0.6734694 0.5102041 4 -5.095544
0.6734694 0.5306122 4 -4.968332
0.6734694 0.5510204 4 -4.722229
0.6734694 0.5714286 4 -4.373333
0.6734694 0.5918367 4 -3.944465
0.6734694 0.6122449 4 -3.463677
0.6734694 0.6326531 4 -2.962418
0.6734694 0.6530612 4 -2.473476
0.6734694 0.6734694 4 -2.028831
0.6734694 0.6938776 4 -1.65757
0.6734694 0.7142857 4 -1.383975
0.6734694 0.7346939 4 -1.225943
0.6734694 0.755102 4 -1.193811
0.6734694 0.7755102 4 -1.28968
0.6734694 0.7959184 4 -1.50728
0.6734694 0.8163265 4 -1.832377
0.6734694 0.8367347 4 -2.243707
0.6734694 0.8571429 4 -2.714365
0.6734694 0.877551 4 -3.213564
0.6734694 0.8979592 4 -3.708652
0.6734694 0.9183673 4 -4.167245
0.6734694 0.9387755 4 -4.559346
0.6734694 0.9591837 4 -4.859308
0.6734694 0.9795918 4 -5.047511
0.6734694 1 4 -5.111644
0.6938776 0 4 -5.254928
0.6938776 0.02040816 4 -5.190796
0.6938776 0.04081633 4 -5.002593
0.6938776 0.06122449 4 -4.702631
0.6938776 0.08163265 4 -4.31053
0.6938776 0.1020408 4 -3.851936
0.6938776 0.122449 4 -3.356848
0.6938776 0.1428571 4 -2.857649
0.6938776 0.1632653 4 -2.386992
0.6938776 0.1836735 4 -1.975662
0.6938776 0.2040816 4 -1.650565
0.6938776 0.2244898 4 -1.432965
0.6938776 0.244898 4 -1.337096
0.6938776 0.2653061 4 -1.369228
0.6938776 0.2857143 4 -1.52726
0.6938776 0.3061224 4 -1.800855
0.6938776 0.3265306 4 -2.172116
0.6938776 0.3469388 4 -2.616761
0.6938776 0.3673469 4 -3.105703
0.6938776 0.3877551 4 -3.606962
0.6938776 0.4081633 4 -4.08775
0.6938776 0.4285714 4 -4.516618
0.6938776 0.4489796 4 -4.865514
0.6938776 0.4693878 4 -5.111617
0.6938776 0.4897959 4 -5.238829
0.6938776 0.5102041 4 -5.238829
0.6938776 0.5306122 4 -5.111617
0.6938776 0.5510204 4 -4.865514
0.6938776 0.5714286 4 -4.516618
0.6938776 0.5918367 4 -4.08775
0.6938776 0.6122449 4 -3.606962
0.6938776 0.6326531 4 -3.105703
0.6938776 0.6530612 4 -2.616761
0.6938776 0.6734694 4 -2.172116
0.6938776 0.6938776 4 -1.800855
0.6938776 0.7142857 4 -1.52726
0.6938776 0.7346939 4 -1.369228
0.6938776 0.755102 4 -1.337096
0.6938776 0.7755102 4 -1.432965
0.6938776 0.7959184 4 -1.650565
0.6938776 0.8163265 4 -1.975662
0.6938776 0.8367347 4 -2.386992
0.6938776 0.8571429 4 -2.857649
0.6938776 0.877551 4 -3.356848
0.6938776 0.8979592 4 -3.851936
0.6938776 0.9183673 4 -4.31053
0.6938776 0.9387755 4 -4.702631
0.6938776 0.9591837 4 -5.002593
0.6938776 0.9795918 4 -5.190796
0.6938776 1 4 -5.254928
0.7142857 0 4 -5.36052
0.7142857 0.02040816 4 -5.296387
0.7142857 0.04081633 4 -5.108185
0.7142857 0.06122449 4 -4.808222
0.7142857 0.08163265 4 -4.416121
0.7142857 0.1020408 4 -3.957528
0.7142857 0.122449 4 -3.46244
0.7142857 0.1428571 4 -2.963241
0.7142857 0.1632653 4 -2.492583
0.7142857 0.1836735 4 -2.081253
0.7142857 0.2040816 4 -1.756156
0.7142857 0.2244898 4 -1.538556
0.7142857 0.244898 4 -1.442687
0.7142857 0.2653061 4 -1.474819
0.7142857 0.2857143 4 -1.632851
0.7142857 0.3061224 4 -1.906446
0.7142857 0.3265306 4 -2.277708
0.7142857 0.3469388 4 -2.722352
0.7142857 0.3673469 4 -3.211294
0.7142857 0.3877551 4 -3.712553
0.7142857 0.4081633 4 -4.193341
0.7142857 0.4285714 4 -4.622209
0.7142857 0.4489796 4 -4.971106
0.7142857 0.4693878 4 -5.217209
0.7142857 0.4897959 4 -5.34442
0.7142857 0.5102041 4 -5.34442
0.7142857 0.5306122 4 -5.217209
0.7142857 0.5510204 4 -4.971106
0.7142857 0.5714286 4 -4.622209
0.7142857 0.5918367 4 -4.193341
0.7142857 0.6122449 4 -3.712553
0.7142857 0.6326531 4 -3.211294
0.7142857 0.6530612 4 -2.722352
0.7142857 0.6734694 4 -2.277708
0.7142857 0.6938776 4 -1.906446
0.7142857 0.7142857 4 -1.632851
0.7142857 0.7346939 4 -1.474819
0.7142857 0.755102 4 -1.442687
0.7142857 0.7755102 4 -1.538556
0.7142857 0.7959184 4 -1.756156
0.7142857 0.8163265 4 -2.081253
0.7142857 0.8367347 4 -2.492583
0.7142857 0.8571429 4 -2.963241
0.7142857 0.877551 4 -3.46244
0.7142857 0.8979592 4 -3.957528
0.7142857 0.9183673 4 -4.416121
0.7142857 0.9387755 4 -4.808222
0.7142857 0.9591837 4 -5.108185
0.7142857 0.9795918 4 -5.296387
0.7142857 1 4 -5.36052
0.7346939 0 4 -5.421511
0.7346939 0.02040816 4 -5.357378
0.7346939 0.04081633 4 -5.169176
0.7346939 0.06122449 4 -4.869213
0.7346939 0.08163265 4 -4.477112
0.7346939 0.1020408 4 -4.018519
0.7346939 0.122449 4 -3.523431
0.7346939 0.1428571 4 -3.024232
0.7346939 0.1632653 4 -2.553574
0.7346939 0.1836735 4 -2.142244
0.7346939 0.2040816 4 -1.817147
0.7346939 0.2244898 4 -1.599547
0.7346939 0.244898 4 -1.503678
0.7346939 0.2653061 4 -1.53581
0.7346939 0.2857143 4 -1.693842
0.7346939 0.3061224 4 -1.967437
0.7346939 0.3265306 4 -2.338699
0.7346939 0.3469388 4 -2.783343
0.7346939 0.3673469 4 -3.272285
0.7346939 0.3877551 4 -3.773544
0.7346939 0.4081633 4 -4.254332
0.7346939 0.4285714 4 -4.6832
0.7346939 0.4489796 4 -5.032096
0.7346939 0.4693878 4 -5.278199
0.7346939 0.4897959 4 -5.405411
0.7346939 0.5102041 4 -5.405411
0.7346939 0.5306122 4 -5.278199
0.7346939 0.5510204 4 -5.032096
0.7346939 0.5714286 4 -4.6832
0.7346939 0.5918367 4 -4.254332
0.7346939 0.6122449 4 -3.773544
0.7346939 0.6326531 4 -3.272285
0.7346939 0.6530612 4 -2.783343
0.7346939 0.6734694 4 -2.338699
0.7346939 0.6938776 4 -1.967437
0.7346939 0.7142857 4 -1.693842
0.7346939 0.7346939 4 -1.53581
0.7346939 0.755102 4 -1.503678
0.7346939 0.7755102 4 -1.599547
0.7346939 0.7959184 4 -1.817147
0.7346939 0.8163265 4 -2.142244
0.7346939 0.8367347 4 -2.553574
0.7346939 0.8571429 4 -3.024232
0.7346939 0.877551 4 -3.523431
0.7346939 0.8979592 4 -4.018519
0.7346939 0.9183673 4 -4.477112
0.7346939 0.9387755 4 -4.869213
0.7346939 0.9591837 4 -5.169176
0.7346939 0.9795918 4 -5.357378
0.7346939 1 4 -5.421511
0.755102 0 4 -5.433912
0.755102 0.02040816 4 -5.369779
0.755102 0.04081633 4 -5.181577
0.755102 0.06122449 4 -4.881614
0.755102 0.08163265 4 -4.489513
0.755102 0.1020408 4 -4.03092
0.755102 0.122449 4 -3.535832
0.755102 0.1428571 4 -3.036633
0.755102 0.1632653 4 -2.565975
0.755102 0.1836735 4 -2.154645
0.755102 0.2040816 4 -1.829548
0.755102 0.2244898 4 -1.611948
0.755102 0.244898 4 -1.516079
0.755102 0.2653061 4 -1.548211
0.755102 0.2857143 4 -1.706243
0.755102 0.3061224 4 -1.979838
0.755102 0.3265306 4 -2.3511
0.755102 0.3469388 4 -2.795744
0.755102 0.3673469 4 -3.284686
0.755102 0.3877551 4 -3.785945
0.755102 0.4081633 4 -4.266733
0.755102 0.4285714 4 -4.695601
0.755102 0.4489796 4 -5.044498
0.755102 0.4693878 4 -5.290601
0.755102 0.4897959 4 -5.417813
0.755102 0.5102041 4 -5.417813
0.755102 0.5306122 4 -5.290601
0.755102 0.5510204 4 -5.044498
0.755102 0.5714286 4 -4.695601
0.755102 0.5918367 4 -4.266733
0.755102 0.6122449 4 -3.785945
0.755102 0.6326531 4 -3.284686
0.755102 0.6530612 4 -2.795744
0.755102 0.6734694 4 -2.3511
0.755102 0.6938776 4 -1.979838
0.755102 0.7142857 4 -1.706243
0.755102 0.7346939 4 -1.548211
0.755102 0.755102 4 -1.516079
0.755102 0.7755102 4 -1.611948
0.755102 0.7959184 4 -1.829548
0.755102 0.8163265 4 -2.154645
0.755102 0.8367347 4 -2.565975
0.755102 0.8571429 4 -3.036633
0.755102 0.877551 4 -3.535832
0.755102 0.8979592 4 -4.03092
0.755102 0.9183673 4 -4.489513
0.755102 0.9387755 4 -4.881614
0.755102 0.9591837 4 -5.181577
0.755102 0.9795918 4 -5.369779
0.755102 1 4 -5.433912
0.7755102 0 4 -5.396912
0.7755102 0.02040816 4 -5.332779
0.7755102 0.04081633 4 -5.144577
0.7755102 0.06122449 4 -4.844615
0.7755102 0.08163265 4 -4.452513
0.7755102 0.1020408 4 -3.99392
0.7755102 0.122449 4 -3.498832
0.7755102 0.1428571 4 -2.999633
0.7755102 0.1632653 4 -2.528976
0.7755102 0.1836735 4 -2.117646
0.7755102 0.2040816 4 -1.792548
0.7755102 0.2244898 4 -1.574948
0.7755102 0.244898 4 -1.479079
0.7755102 0.2653061 4 -1.511211
0.7755102 0.2857143 4 -1.669243
0.7755102 0.3061224 4 -1.942838
0.7755102 0.3265306 4 -2.3141
0.7755102 0.3469388 4 -2.758744
0.7755102 0.3673469 4 -3.247687
0.7755102 0.3877551 4 -3.748945
0.7755102 0.4081633 4 -4.229733
0.7755102 0.4285714 4 -4.658602
0.7755102 0.4489796 4 -5.007498
0.7755102 0.4693878 4 -5.253601
0.7755102 0.4897959 4 -5.380813
0.7755102 0.5102041 4 -5.380813
0.7755102 0.5306122 4 -5.253601
0.7755102 0.5510204 4 -5.007498
0.7755102 0.5714286 4 -4.658602
0.7755102 0.5918367 4 -4.229733
0.7755102 0.6122449 4 -3.748945
0.7755102 0.6326531 4 -3.247687
0.7755102 0.6530612 4 -2.758744
0.7755102 0.6734694 4 -2.3141
0.7755102 0.6938776 4 -1.942838
0.7755102 0.7142857 4 -1.669243
0.7755102 0.7346939 4 -1.511211
0.7755102 0.755102 4 -1.479079
0.7755102 0.7755102 4 -1.574948
0.7755102 0.7959184 4 -1.792548
0.7755102 0.8163265 4 -2.117646
0.7755102 0.8367347 4 -2.528976
0.7755102 0.8571429 4 -2.999633
0.7755102 0.877551 4 -3.498832
0.7755102 0.8979592 4 -3.99392
0.7755102 0.9183673 4 -4.452513
0.7755102 0.9387755 4 -4.844615
0.7755102 0.9591837 4 -5.144577
0.7755102 0.9795918 4 -5.332779
0.7755102 1 4 -5.396912
0.7959184 0 4 -5.312931
0.7959184 0.02040816 4 -5.248799
0.7959184 0.04081633 4 -5.060596
0.7959184 0.06122449 4 -4.760634
0.7959184 0.08163265 4 -4.368533
0.7959184 0.1020408 4 -3.909939
0.7959184 0.122449 4 -3.414851
0.7959184 0.1428571 4 -2.915652
0.7959184 0.1632653 4 -2.444995
0.7959184 0.1836735 4 -2.033665
0.7959184 0.2040816 4 -1.708568
0.7959184 0.2244898 4 -1.490968
0.7959184 0.244898 4 -1.395099
0.7959184 0.2653061 4 -1.427231
0.7959184 0.2857143 4 -1.585263
0.7959184 0.3061224 4 -1.858858
0.7959184 0.3265306 4 -2.230119
0.7959184 0.3469388 4 -2.674764
0.7959184 0.3673469 4 -3.163706
0.7959184 0.3877551 4 -3.664965
0.7959184 0.4081633 4 -4.145753
0.7959184 0.4285714 4 -4.574621
0.7959184 0.4489796 4 -4.923517
0.7959184 0.4693878 4 -5.16962
0.7959184 0.4897959 4 -5.296832
0.7959184 0.5102041 4 -5.296832
0.7959184 0.5306122 4 -5.16962
0.7959184 0.5510204 4 -4.923517
0.7959184 0.5714286 4 -4.574621
0.7959184 0.5918367 4 -4.145753
0.7959184 0.6122449 4 -3.664965
0.7959184 0.6326531 4 -3.163706
0.7959184 0.6530612 4 -2.674764
0.7959184 0.6734694 4 -2.230119
0.7959184 0.6938776 4 -1.858858
0.7959184 0.7142857 4 -1.585263
0.7959184 0.7346939 4 -1.427231
0.7959184 0.755102 4 -1.395099
0.7959184 0.7755102 4 -1.490968
0.7959184 0.7959184 4 -1.708568
0.7959184 0.8163265 4 -2.033665
0.7959184 0.8367347 4 -2.444995
0.7959184 0.8571429 4 -2.915652
0.7959184 0.877551 4 -3.414851
0.7959184 0.8979592 4 -3.909939
0.7959184 0.9183673 4 -4.368533
0.7959184 0.9387755 4 -4.760634
0.7959184 0.9591837 4 -5.060596
0.7959184 0.9795918 4 -5.248799
0.7959184 1 4 -5.312931
0.8163265 0 4 -5.187463
0.8163265 0.02040816 4 -5.123331
0.8163265 0.04081633 4 -4.935128
0.8163265 0.06122449 4 -4.635166
0.8163265 0.08163265 4 -4.243064
0.8163265 0.1020408 4 -3.784471
0.8163265 0.122449 4 -3.289383
0.8163265 0.1428571 4 -2.790184
0.8163265 0.1632653 4 -2.319527
0.8163265 0.1836735 4 -1.908197
0.8163265 0.2040816 4 -1.5831
0.8163265 0.2244898 4 -1.3655
0.8163265 0.244898 4 -1.26963
0.8163265 0.2653061 4 -1.301763
0.8163265 0.2857143 4 -1.459795
0.8163265 0.3061224 4 -1.733389
0.8163265 0.3265306 4 -2.104651
0.8163265 0.3469388 4 -2.549295
0.8163265 0.3673469 4 -3.038238
0.8163265 0.3877551 4 -3.539497
0.8163265 0.4081633 4 -4.020284
0.8163265 0.4285714 4 -4.449153
0.8163265 0.4489796 4 -4.798049
0.8163265 0.4693878 4 -5.044152
0.8163265 0.4897959 4 -5.171364
0.8163265 0.5102041 4 -5.171364
0.8163265 0.5306122 4 -5.044152
0.8163265 0.5510204 4 -4.798049
0.8163265 0.5714286 4 -4.449153
0.8163265 0.5918367 4 -4.020284
0.8163265 0.6122449 4 -3.539497
0.8163265 0.6326531 4 -3.038238
0.8163265 0.6530612 4 -2.549295
0.8163265 0.6734694 4 -2.104651
0.8163265 0.6938776 4 -1.733389
0.8163265 0.7142857 4 -1.459795
0.8163265 0.7346939 4 -1.301763
0.8163265 0.755102 4 -1.26963
0.8163265 0.7755102 4 -1.3655
0.8163265 0.7959184 4 -1.5831
0.8163265 0.8163265 4 -1.908197
0.8163265 0.8367347 4 -2.319527
0.8163265 0.8571429 4 -2.790184
0.8163265 0.877551 4 -3.289383
0.8163265 0.8979592 4 -3.784471
0.8163265 0.9183673 4 -4.243064
0.8163265 0.9387755 4 -4.635166
0.8163265 0.9591837 4 -4.935128
0.8163265 0.9795918 4 -5.123331
0.8163265 1 4 -5.187463
0.8367347 0 4 -5.028714
0.8367347 0.02040816 4 -4.964582
0.8367347 0.04081633 4 -4.776379
0.8367347 0.06122449 4 -4.476417
0.8367347 0.08163265 4 -4.084315
0.8367347 0.1020408 4 -3.625722
0.8367347 0.122449 4 -3.130634
0.8367347 0.1428571 4 -2.631435
0.8367347 0.1632653 4 -2.160778
0.8367347 0.1836735 4 -1.749448
0.8367347 0.2040816 4 -1.424351
0.8367347 0.2244898 4 -1.206751
0.8367347 0.244898 4 -1.110882
0.8367347 0.2653061 4 -1.143014
0.8367347 0.2857143 4 -1.301046
0.8367347 0.3061224 4 -1.574641
0.8367347 0.3265306 4 -1.945902
0.8367347 0.3469388 4 -2.390546
0.8367347 0.3673469 4 -2.879489
0.8367347 0.3877551 4 -3.380748
0.8367347 0.4081633 4 -3.861536
0.8367347 0.4285714 4 -4.290404
0.8367347 0.4489796 4 -4.6393
0.8367347 0.4693878 4 -4.885403
0.8367347 0.4897959 4 -5.012615
0.8367347 0.5102041 4 -5.012615
0.8367347 0.5306122 4 -4.885403
0.8367347 0.5510204 4 -4.6393
0.8367347 0.5714286 4 -4.290404
0.8367347 0.5918367 4 -3.861536
0.8367347 0.6122449 4 -3.380748
0.8367347 0.6326531 4 -2.879489
0.8367347 0.6530612 4 -2.390546
0.8367347 0.6734694 4 -1.945902
0.8367347 0.6938776 4 -1.574641
0.8367347 0.7142857 4 -1.301046
0.8367347 0.7346939 4 -1.143014
0.8367347 0.755102 4 -1.110882
0.8367347 0.7755102 4 -1.206751
0.8367347 0.7959184 4 -1.424351
0.8367347 0.8163265 4 -1.749448
0.8367347 0.8367347 4 -2.160778
0.8367347 0.8571429 4 -2.631435
0.8367347 0.877551 4 -3.130634
0.8367347 0.8979592 4 -3.625722
0.8367347 0.9183673 4 -4.084315
0.8367347 0.9387755 4 -4.476417
0.8367347 0.9591837 4 -4.776379
0.8367347 0.9795918 4 -4.964582
0.8367347 1 4 -5.028714
0.8571429 0 4 -4.847069
0.8571429 0.02040816 4 -4.782936
0.8571429 0.04081633 4 -4.594733
0.8571429 0.06122449 4 -4.294771
0.8571429 0.08163265 4 -3.90267
0.8571429 0.1020408 4 -3.444077
0.8571429 0.122449 4 -2.948989
0.8571429 0.1428571 4 -2.44979
0.8571429 0.1632653 4 -1.979132
0.8571429 0.1836735 4 -1.567802
0.8571429 0.2040816 4 -1.242705
0.8571429 0.2244898 4 -1.025105
0.8571429 0.244898 4 -0.9292358
0.8571429 0.2653061 4 -0.9613681
0.8571429 0.2857143 4 -1.1194
0.8571429 0.3061224 4 -1.392995
0.8571429 0.3265306 4 -1.764257
0.8571429 0.3469388 4 -2.208901
0.8571429 0.3673469 4 -2.697843
0.8571429 0.3877551 4 -3.199102
0.8571429 0.4081633 4 -3.67989
0.8571429 0.4285714 4 -4.108758
0.8571429 0.4489796 4 -4.457654
0.8571429 0.4693878 4 -4.703757
0.8571429 0.4897959 4 -4.830969
0.8571429 0.5102041 4 -4.830969
0.8571429 0.5306122 4 -4.703757
0.8571429 0.5510204 4 -4.457654
0.8571429 0.5714286 4 -4.108758
0.8571429 0.5918367 4 -3.67989
0.8571429 0.6122449 4 -3.199102
0.8571429 0.6326531 4 -2.697843
0.8571429 0.6530612 4 -2.208901
0.8571429 0.6734694 4 -1.764257
0.8571429 0.6938776 4 -1.392995
0.8571429 0.7142857 4 -1.1194
0.8571429 0.7346939 4 -0.9613681
0.8571429 0.755102 4 -0.9292358
0.8571429 0.7755102 4 -1.025105
0.8571429 0.7959184 4 -1.242705
0.8571429 0.8163265 4 -1.567802
0.8571429 0.8367347 4 -1.979132
0.8571429 0.8571429 4 -2.44979
0.8571429 0.877551 4 -2.948989
0.8571429 0.8979592 4 -3.444077
0.8571429 0.9183673 4 -3.90267
0.8571429 0.9387755 4 -4.294771
0.8571429 0.9591837 4 -4.594733
0.8571429 0.9795918 4 -4.782936
0.8571429 1 4 -4.847069
0.877551 0 4 -4.654408
0.877551 0.02040816 4 -4.590275
0.877551 0.04081633 4 -4.402072
0.877551 0.06122449 4 -4.10211
0.877551 0.08163265 4 -3.710009
0.877551 0.1020408 4 -3.251416
0.877551 0.122449 4 -2.756328
0.877551 0.1428571 4 -2.257128
0.877551 0.1632653 4 -1.786471
0.877551 0.1836735 4 -1.375141
0.877551 0.2040816 4 -1.050044
0.877551 0.2244898 4 -0.8324439
0.877551 0.244898 4 -0.7365747
0.877551 0.2653061 4 -0.768707
0.877551 0.2857143 4 -0.926739
0.877551 0.3061224 4 -1.200334
0.877551 0.3265306 4 -1.571595
0.877551 0.3469388 4 -2.01624
0.877551 0.3673469 4 -2.505182
0.877551 0.3877551 4 -3.006441
0.877551 0.4081633 4 -3.487229
0.877551 0.4285714 4 -3.916097
0.877551 0.4489796 4 -4.264993
0.877551 0.4693878 4 -4.511096
0.877551 0.4897959 4 -4.638308
0.877551 0.5102041 4 -4.638308
0.877551 0.5306122 4 -4.511096
0.877551 0.5510204 4 -4.264993
0.877551 0.5714286 4 -3.916097
0.877551 0.5918367 4 -3.487229
0.877551 0.6122449 4 -3.006441
0.877551 0.6326531 4 -2.505182
0.877551 0.6530612 4 -2.01624
0.877551 0.6734694 4 -1.571595
0.877551 0.6938776 4 -1.200334
0.877551 0.7142857 4 -0.926739
0.877551 0.7346939 4 -0.768707
0.877551 0.755102 4 -0.7365747
0.877551 0.7755102 4 -0.8324439
0.877551 0.7959184 4 -1.050044
0.877551 0.8163265 4 -1.375141
0.877551 0.8367347 4 -1.786471
0.877551 0.8571429 4 -2.257128
0.877551 0.877551 4 -2.756328
0.877551 0.8979592 4 -3.251416
0.877551 0.9183673 4 -3.710009
0.877551 0.9387755 4 -4.10211
0.877551 0.9591837 4 -4.402072
0.877551 0.9795918 4 -4.590275
0.877551 1 4 -4.654408
0.8979592 0 4 -4.463333
0.8979592 0.02040816 4 -4.399201
0.8979592 0.04081633 4 -4.210998
0.8979592 0.06122449 4 -3.911036
0.8979592 0.08163265 4 -3.518934
0.8979592 0.1020408 4 -3.060341
0.8979592 0.122449 4 -2.565253
0.8979592 0.1428571 4 -2.066054
0.8979592 0.1632653 4 -1.595397
0.8979592 0.1836735 4 -1.184067
0.8979592 0.2040816 4 -0.8589693
0.8979592 0.2244898 4 -0.6413695
0.8979592 0.244898 4 -0.5455003
0.8979592 0.2653061 4 -0.5776325
0.8979592 0.2857143 4 -0.7356645
0.8979592 0.3061224 4 -1.009259
0.8979592 0.3265306 4 -1.380521
0.8979592 0.3469388 4 -1.825165
0.8979592 0.3673469 4 -2.314108
0.8979592 0.3877551 4 -2.815367
0.8979592 0.4081633 4 -3.296154
0.8979592 0.4285714 4 -3.725023
0.8979592 0.4489796 4 -4.073919
0.8979592 0.4693878 4 -4.320022
0.8979592 0.4897959 4 -4.447234
0.8979592 0.5102041 4 -4.447234
0.8979592 0.5306122 4 -4.320022
0.8979592 0.5510204 4 -4.073919
0.8979592 0.5714286 4 -3.725023
0.8979592 0.5918367 4 -3.296154
0.8979592 0.6122449 4 -2.815367
0.8979592 0.6326531 4 -2.314108
0.8979592 0.6530612 4 -1.825165
0.8979592 0.6734694 4 -1.380521
0.8979592 0.6938776 4 -1.009259
0.8979592 0.7142857 4 -0.7356645
0.8979592 0.7346939 4 -0.5776325
0.8979592 0.755102 4 -0.5455003
0.8979592 0.7755102 4 -0.6413695
0.8979592 0.7959184 4 -0.8589693
0.8979592 0.8163265 4 -1.184067
0.8979592 0.8367347 4 -1.595397
0.8979592 0.8571429 4 -2.066054
0.8979592 0.877551 4 -2.565253
0.8979592 0.8979592 4 -3.060341
0.8979592 0.9183673 4 -3.518934
0.8979592 0.9387755 4 -3.911036
0.8979592 0.9591837 4 -4.210998
0.8979592 0.9795918 4 -4.399201
0.8979592 1 4 -4.463333
0.9183673 0 4 -4.286343
0.9183673 0.02040816 4 -4.222211
0.9183673 0.04081633 4 -4.034008
0.9183673 0.06122449 4 -3.734046
0.9183673 0.08163265 4 -3.341945
0.9183673 0.1020408 4 -2.883351
0.9183673 0.122449 4 -2.388263
0.9183673 0.1428571 4 -1.889064
0.9183673 0.1632653 4 -1.418407
0.9183673 0.1836735 4 -1.007077
0.9183673 0.2040816 4 -0.6819797
0.9183673 0.2244898 4 -0.4643799
0.9183673 0.244898 4 -0.3685106
0.9183673 0.2653061 4 -0.4006429
0.9183673 0.2857143 4 -0.5586749
0.9183673 0.3061224 4 -0.8322697
0.9183673 0.3265306 4 -1.203531
0.9183673 0.3469388 4 -1.648176
0.9183673 0.3673469 4 -2.137118
0.9183673 0.3877551 4 -2.638377
0.9183673 0.4081633 4 -3.119165
0.9183673 0.4285714 4 -3.548033
0.9183673 0.4489796 4 -3.896929
0.9183673 0.4693878 4 -4.143032
0.9183673 0.4897959 4 -4.270244
0.9183673 0.5102041 4 -4.270244
0.9183673 0.5306122 4 -4.143032
0.9183673 0.5510204 4 -3.896929
0.9183673 0.5714286 4 -3.548033
0.9183673 0.5918367 4 -3.119165
0.9183673 0.6122449 4 -2.638377
0.9183673 0.6326531 4 -2.137118
0.9183673 0.6530612 4 -1.648176
0.9183673 0.6734694 4 -1.203531
0.9183673 0.6938776 4 -0.8322697
0.9183673 0.7142857 4 -0.5586749
0.9183673 0.7346939 4 -0.4006429
0.9183673 0.755102 4 -0.3685106
0.9183673 0.7755102 4 -0.4643799
0.9183673 0.7959184 4 -0.6819797
0.9183673 0.8163265 4 -1.007077
0.9183673 0.8367347 4 -1.418407
0.9183673 0.8571429 4 -1.889064
0.9183673 0.877551 4 -2.388263
0.9183673 0.8979592 4 -2.883351
0.9183673 0.9183673 4 -3.341945
0.9183673 0.9387755 4 -3.734046
0.9183673 0.9591837 4 -4.034008
0.9183673 0.9795918 4 -4.222211
0.9183673 1 4 -4.286343
0.9387755 0 4 -4.135016
0.9387755 0.02040816 4 -4.070883
0.9387755 0.04081633 4 -3.882681
0.9387755 0.06122449 4 -3.582718
0.9387755 0.08163265 4 -3.190617
0.9387755 0.1020408 4 -2.732024
0.9387755 0.122449 4 -2.236936
0.9387755 0.1428571 4 -1.737737
0.9387755 0.1632653 4 -1.267079
0.9387755 0.1836735 4 -0.8557492
0.9387755 0.2040816 4 -0.5306519
0.9387755 0.2244898 4 -0.3130521
0.9387755 0.244898 4 -0.2171829
0.9387755 0.2653061 4 -0.2493151
0.9387755 0.2857143 4 -0.4073471
0.9387755 0.3061224 4 -0.6809419
0.9387755 0.3265306 4 -1.052204
0.9387755 0.3469388 4 -1.496848
0.9387755 0.3673469 4 -1.98579
0.9387755 0.3877551 4 -2.487049
0.9387755 0.4081633 4 -2.967837
0.9387755 0.4285714 4 -3.396705
0.9387755 0.4489796 4 -3.745601
0.9387755 0.4693878 4 -3.991704
0.9387755 0.4897959 4 -4.118916
0.9387755 0.5102041 4 -4.118916
0.9387755 0.5306122 4 -3.991704
0.9387755 0.5510204 4 -3.745601
0.9387755 0.5714286 4 -3.396705
0.9387755 0.5918367 4 -2.967837
0.9387755 0.6122449 4 -2.487049
0.9387755 0.6326531 4 -1.98579
0.9387755 0.6530612 4 -1.496848
0.9387755 0.6734694 4 -1.052204
0.9387755 0.6938776 4 -0.6809419
0.9387755 0.7142857 4 -0.4073471
0.9387755 0.7346939 4 -0.2493151
0.9387755 0.755102 4 -0.2171829
0.9387755 0.7755102 4 -0.3130521
0.9387755 0.7959184 4 -0.5306519
0.9387755 0.8163265 4 -0.8557492
0.9387755 0.8367347 4 -1.267079
0.9387755 0.8571429 4 -1.737737
0.9387755 0.877551 4 -2.236936
0.9387755 0.8979592 4 -2.732024
0.9387755 0.9183673 4 -3.190617
0.9387755 0.9387755 4 -3.582718
0.9387755 0.9591837 4 -3.882681
0.9387755 0.9795918 4 -4.070883
0.9387755 1 4 -4.135016
0.9591837 0 4 -4.019248
0.9591837 0.02040816 4 -3.955116
0.9591837 0.04081633 4 -3.766913
0.9591837 0.06122449 4 -3.466951
0.9591837 0.08163265 4 -3.074849
0.9591837 0.1020408 4 -2.616256
0.9591837 0.122449 4 -2.121168
0.9591837 0.1428571 4 -1.621969
0.9591837 0.1632653 4 -1.151312
0.9591837 0.1836735 4 -0.7399816
0.9591837 0.2040816 4 -0.4148844
0.9591837 0.2244898 4 -0.1972845
0.9591837 0.244898 4 -0.1014153
0.9591837 0.2653061 4 -0.1335475
0.9591837 0.2857143 4 -0.2915795
0.9591837 0.3061224 4 -0.5651743
0.9591837 0.3265306 4 -0.936436
0.9591837 0.3469388 4 -1.38108
0.9591837 0.3673469 4 -1.870023
0.9591837 0.3877551 4 -2.371282
0.9591837 0.4081633 4 -2.852069
0.9591837 0.4285714 4 -3.280938
0.9591837 0.4489796 4 -3.629834
0.9591837 0.4693878 4 -3.875937
0.9591837 0.4897959 4 -4.003149
0.9591837 0.5102041 4 -4.003149
0.9591837 0.5306122 4 -3.875937
0.9591837 0.5510204 4 -3.629834
0.9591837 0.5714286 4 -3.280938
0.9591837 0.5918367 4 -2.852069
0.9591837 0.6122449 4 -2.371282
0.9591837 0.6326531 4 -1.870023
0.9591837 0.6530612 4 -1.38108
0.9591837 0.6734694 4 -0.936436
0.9591837 0.6938776 4 -0.5651743
0.9591837 0.7142857 4 -0.2915795
0.9591837 0.7346939 4 -0.1335475
0.9591837 0.755102 4 -0.1014153
0.9591837 0.7755102 4 -0.1972845
0.9591837 0.7959184 4 -0.4148844
0.9591837 0.8163265 4 -0.7399816
0.9591837 0.8367347 4 -1.151312
0.9591837 0.8571429 4 -1.621969
0.9591837 0.877551 4 -2.121168
0.9591837 0.8979592 4 -2.616256
0.9591837 0.9183673 4 -3.074849
0.9591837 0.9387755 4 -3.466951
0.9591837 0.9591837 4 -3.766913
0.9591837 0.9795918 4 -3.955116
0.9591837 1 4 -4.019248
0.9795918 0 4 -3.946613
0.9795918 0.02040816 4 -3.882481
0.9795918 0.04081633 4 -3.694278
0.9795918 0.06122449 4 -3.394316
0.9795918 0.08163265 4 -3.002214
0.9795918 0.1020408 4 -2.543621
0.9795918 0.122449 4 -2.048533
0.9795918 0.1428571 4 -1.549334
0.9795918 0.1632653 4 -1.078677
0.9795918 0.1836735 4 -0.6673466
0.9795918 0.2040816 4 -0.3422494
0.9795918 0.2244898 4 -0.1246495
0.9795918 0.244898 4 -0.02878027
0.9795918 0.2653061 4 -0.06091255
0.9795918 0.2857143 4 -0.2189445
0.9795918 0.3061224 4 -0.4925393
0.9795918 0.3265306 4 -0.863801
0.9795918 0.3469388 4 -1.308445
0.9795918 0.3673469 4 -1.797388
0.9795918 0.3877551 4 -2.298647
0.9795918 0.4081633 4 -2.779434
0.9795918 0.4285714 4 -3.208303
0.9795918 0.4489796 4 -3.557199
0.9795918 0.4693878 4 -3.803302
0.9795918 0.4897959 4 -3.930514
0.9795918 0.5102041 4 -3.930514
0.9795918 0.5306122 4 -3.803302
0.9795918 0.5510204 4 -3.557199
0.9795918 0.5714286 4 -3.208303
0.9795918 0.5918367 4 -2.779434
0.9795918 0.6122449 4 -2.298647
0.9795918 0.6326531 4 -1.797388
0.9795918 0.6530612 4 -1.308445
0.9795918 0.6734694 4 -0.863801
0.9795918 0.6938776 4 -0.4925393
0.9795918 0.7142857 4 -0.2189445
0.9795918 0.7346939 4 -0.06091255
0.9795918 0.755102 4 -0.02878027
0.9795918 0.7755102 4 -0.1246495
0.9795918 0.7959184 4 -0.3422494
0.9795918 0.8163265 4 -0.6673466
0.9795918 0.8367347 4 -1.078677
0.9795918 0.8571429 4 -1.549334
0.9795918 0.877551 4 -2.048533
0.9795918 0.8979592 4 -2.543621
0.9795918 0.9183673 4 -3.002214
0.9795918 0.9387755 4 -3.394316
0.9795918 0.9591837 4 -3.694278
0.9795918 0.9795918 4 -3.882481
0.9795918 1 4 -3.946613
1 0 4 -3.921862
1 0.02040816 4 -3.857729
1 0.04081633 4 -3.669527
1 0.06122449 4 -3.369564
1 0.08163265 4 -2.977463
1 0.1020408 4 -2.51887
1 0.122449 4 -2.023782
1 0.1428571 4 -1.524583
1 0.1632653 4 -1.053925
1 0.1836735 4 -0.6425953
1 0.2040816 4 -0.317498
1 0.2244898 4 -0.09989816
1 0.244898 4 -0.004028943
1 0.2653061 4 -0.03616122
1 0.2857143 4 -0.1941932
1 0.3061224 4 -0.467788
1 0.3265306 4 -0.8390496
1 0.3469388 4 -1.283694
1 0.3673469 4 -1.772636
1 0.3877551 4 -2.273895
1 0.4081633 4 -2.754683
1 0.4285714 4 -3.183551
1 0.4489796 4 -3.532448
1 0.4693878 4 -3.778551
1 0.4897959 4 -3.905763
1 0.5102041 4 -3.905763
1 0.5306122 4 -3.778551
1 0.5510204 4 -3.532448
1 0.5714286 4 -3.183551
1 0.5918367 4 -2.754683
1 0.6122449 4 -2.273895
1 0.6326531 4 -1.772636
1 0.6530612 4 -1.283694
1 0.6734694 4 -0.8390496
1 0.6938776 4 -0.467788
1 0.7142857 4 -0.1941932
1 0.7346939 4 -0.03616122
1 0.755102 4 -0.004028943
1 0.7755102 4 -0.09989816
1 0.7959184 4 -0.317498
1 0.8163265 4 -0.6425953
1 0.8367347 4 -1.053925
1 0.8571429 4 -1.524583
1 0.877551 4 -2.023782
1 0.8979592 4 -2.51887
1 0.9183673 4 -2.977463
1 0.9387755 4 -3.369564
1 0.9591837 4 -3.669527
1 0.9795918 4 -3.857729
1 1 4 -3.921862
