0 0 6 5.761022
0 0.02040816 6 5.666814
0 0.04081633 6 5.390354
0 0.06122449 6 4.949724
0 0.08163265 6 4.373746
0 0.1020408 6 3.700096
0 0.122449 6 2.972836
0 0.1428571 6 2.239537
0 0.1632653 6 1.548164
0 0.1836735 6 0.9439408
0 0.2040816 6 0.466389
0 0.2244898 6 0.1467455
0 0.244898 6 0.005918318
0 0.2653061 6 0.05311905
0 0.2857143 6 0.2852603
0 0.3061224 6 0.6871575
0 0.3265306 6 1.232523
0 0.3469388 6 1.885683
0 0.3673469 6 2.603915
0 0.3877551 6 3.34024
0 0.4081633 6 4.046494
0 0.4285714 6 4.67648
0 0.4489796 6 5.188992
0 0.4693878 6 5.550505
0 0.4897959 6 5.737373
0 0.5102041 6 5.737373
0 0.5306122 6 5.550505
0 0.5510204 6 5.188992
0 0.5714286 6 4.67648
0 0.5918367 6 4.046494
0 0.6122449 6 3.34024
0 0.6326531 6 2.603915
0 0.6530612 6 1.885683
0 0.6734694 6 1.232523
0 0.6938776 6 0.6871575
0 0.7142857 6 0.2852603
0 0.7346939 6 0.05311905
0 0.755102 6 0.005918318
0 0.7755102 6 0.1467455
0 0.7959184 6 0.466389
0 0.8163265 6 0.9439408
0 0.8367347 6 1.548164
0 0.8571429 6 2.239537
0 0.877551 6 2.972836
0 0.8979592 6 3.700096
0 0.9183673 6 4.373746
0 0.9387755 6 4.949724
0 0.9591837 6 5.390354
0 0.9795918 6 5.666814
0 1 6 5.761022
0.02040816 0 6 5.751883
0.02040816 0.02040816 6 5.657676
0.02040816 0.04081633 6 5.381216
0.02040816 0.06122449 6 4.940586
0.02040816 0.08163265 6 4.364608
0.02040816 0.1020408 6 3.690957
0.02040816 0.122449 6 2.963697
0.02040816 0.1428571 6 2.230399
0.02040816 0.1632653 6 1.539026
0.02040816 0.1836735 6 0.9348025
0.02040816 0.2040816 6 0.4572507
0.02040816 0.2244898 6 0.1376072
0.02040816 0.244898 6 -0.003220004
0.02040816 0.2653061 6 0.04398073
0.02040816 0.2857143 6 0.2761219
0.02040816 0.3061224 6 0.6780192
0.02040816 0.3265306 6 1.223384
0.02040816 0.3469388 6 1.876545
0.02040816 0.3673469 6 2.594777
0.02040816 0.3877551 6 3.331102
0.02040816 0.4081633 6 4.037355
0.02040816 0.4285714 6 4.667342
0.02040816 0.4489796 6 5.179853
0.02040816 0.4693878 6 5.541366
0.02040816 0.4897959 6 5.728234
0.02040816 0.5102041 6 5.728234
0.02040816 0.5306122 6 5.541366
0.02040816 0.5510204 6 5.179853
0.02040816 0.5714286 6 4.667342
0.02040816 0.5918367 6 4.037355
0.02040816 0.6122449 6 3.331102
0.02040816 0.6326531 6 2.594777
0.02040816 0.6530612 6 1.876545
0.02040816 0.6734694 6 1.223384
0.02040816 0.6938776 6 0.6780192
0.02040816 0.7142857 6 0.2761219
0.02040816 0.7346939 6 0.04398073
0.02040816 0.755102 6 -0.003220004
0.02040816 0.7755102 6 0.1376072
0.02040816 0.7959184 6 0.4572507
0.02040816 0.8163265 6 0.9348025
0.02040816 0.8367347 6 1.539026
0.02040816 0.8571429 6 2.230399
0.02040816 0.877551 6 2.963697
0.02040816 0.8979592 6 3.690957
0.02040816 0.9183673 6 4.364608
0.02040816 0.9387755 6 4.940586
0.02040816 0.9591837 6 5.381216
0.02040816 0.9795918 6 5.657676
0.02040816 1 6 5.751883
0.04081633 0 6 5.725066
0.04081633 0.02040816 6 5.630859
0.04081633 0.04081633 6 5.354398
0.04081633 0.06122449 6 4.913768
0.04081633 0.08163265 6 4.337791
0.04081633 0.1020408 6 3.66414
0.04081633 0.122449 6 2.93688
0.04081633 0.1428571 6 2.203581
0.04081633 0.1632653 6 1.512209
0.04081633 0.1836735 6 0.9079853
0.04081633 0.2040816 6 0.4304334
0.04081633 0.2244898 6 0.1107899
0.04081633 0.244898 6 -0.03003723
0.04081633 0.2653061 6 0.0171635
0.04081633 0.2857143 6 0.2493047
0.04081633 0.3061224 6 0.651202
0.04081633 0.3265306 6 1.196567
0.04081633 0.3469388 6 1.849728
0.04081633 0.3673469 6 2.56796
0.04081633 0.3877551 6 3.304285
0.04081633 0.4081633 6 4.010538
0.04081633 0.4285714 6 4.640524
0.04081633 0.4489796 6 5.153036
0.04081633 0.4693878 6 5.514549
0.04081633 0.4897959 6 5.701417
0.04081633 0.5102041 6 5.701417
0.04081633 0.5306122 6 5.514549
0.04081633 0.5510204 6 5.153036
0.04081633 0.5714286 6 4.640524
0.04081633 0.5918367 6 4.010538
0.04081633 0.6122449 6 3.304285
0.04081633 0.6326531 6 2.56796
0.04081633 0.6530612 6 1.849728
0.04081633 0.6734694 6 1.196567
0.04081633 0.6938776 6 0.651202
0.04081633 0.7142857 6 0.2493047
0.04081633 0.7346939 6 0.0171635
0.04081633 0.755102 6 -0.03003723
0.04081633 0.7755102 6 0.1107899
0.04081633 0.7959184 6 0.4304334
0.04081633 0.8163265 6 0.9079853
0.04081633 0.8367347 6 1.512209
0.04081633 0.8571429 6 2.203581
0.04081633 0.877551 6 2.93688
0.04081633 0.8979592 6 3.66414
0.04081633 0.9183673 6 4.337791
0.04081633 0.9387755 6 4.913768
0.04081633 0.9591837 6 5.354398
0.04081633 0.9795918 6 5.630859
0.04081633 1 6 5.725066
0.06122449 0 6 5.682324
0.06122449 0.02040816 6 5.588117
0.06122449 0.04081633 6 5.311656
0.06122449 0.06122449 6 4.871026
0.06122449 0.08163265 6 4.295049
0.06122449 0.1020408 6 3.621398
0.06122449 0.122449 6 2.894138
0.06122449 0.1428571 6 2.160839
0.06122449 0.1632653 6 1.469467
0.06122449 0.1836735 6 0.8652433
0.06122449 0.2040816 6 0.3876914
0.06122449 0.2244898 6 0.06804792
0.06122449 0.244898 6 -0.07277924
0.06122449 0.2653061 6 -0.02557851
0.06122449 0.2857143 6 0.2065627
0.06122449 0.3061224 6 0.60846
0.06122449 0.3265306 6 1.153825
0.06122449 0.3469388 6 1.806986
0.06122449 0.3673469 6 2.525218
0.06122449 0.3877551 6 3.261543
0.06122449 0.4081633 6 3.967796
0.06122449 0.4285714 6 4.597782
0.06122449 0.4489796 6 5.110294
0.06122449 0.4693878 6 5.471807
0.06122449 0.4897959 6 5.658675
0.06122449 0.5102041 6 5.658675
0.06122449 0.5306122 6 5.471807
0.06122449 0.5510204 6 5.110294
0.06122449 0.5714286 6 4.597782
0.06122449 0.5918367 6 3.967796
0.06122449 0.6122449 6 3.261543
0.06122449 0.6326531 6 2.525218
0.06122449 0.6530612 6 1.806986
0.06122449 0.6734694 6 1.153825
0.06122449 0.6938776 6 0.60846
0.06122449 0.7142857 6 0.2065627
0.06122449 0.7346939 6 -0.02557851
0.06122449 0.755102 6 -0.07277924
0.06122449 0.7755102 6 0.06804792
0.06122449 0.7959184 6 0.3876914
0.06122449 0.8163265 6 0.8652433
0.06122449 0.8367347 6 1.469467
0.06122449 0.8571429 6 2.160839
0.06122449 0.877551 6 2.894138
0.06122449 0.8979592 6 3.621398
0.06122449 0.9183673 6 4.295049
0.06122449 0.9387755 6 4.871026
0.06122449 0.9591837 6 5.311656
0.06122449 0.9795918 6 5.588117
0.06122449 1 6 5.682324
0.08163265 0 6 5.626453
0.08163265 0.02040816 6 5.532246
0.08163265 0.04081633 6 5.255785
0.08163265 0.06122449 6 4.815155
0.08163265 0.08163265 6 4.239178
0.08163265 0.1020408 6 3.565527
0.08163265 0.122449 6 2.838267
0.08163265 0.1428571 6 2.104968
0.08163265 0.1632653 6 1.413596
0.08163265 0.1836735 6 0.8093723
0.08163265 0.2040816 6 0.3318204
0.08163265 0.2244898 6 0.01217689
0.08163265 0.244898 6 -0.1286503
0.08163265 0.2653061 6 -0.08144953
0.08163265 0.2857143 6 0.1506917
0.08163265 0.3061224 6 0.5525889
0.08163265 0.3265306 6 1.097954
0.08163265 0.3469388 6 1.751114
0.08163265 0.3673469 6 2.469347
0.08163265 0.3877551 6 3.205672
0.08163265 0.4081633 6 3.911925
0.08163265 0.4285714 6 4.541911
0.08163265 0.4489796 6 5.054423
0.08163265 0.4693878 6 5.415936
0.08163265 0.4897959 6 5.602804
0.08163265 0.5102041 6 5.602804
0.08163265 0.5306122 6 5.415936
0.08163265 0.5510204 6 5.054423
0.08163265 0.5714286 6 4.541911
0.08163265 0.5918367 6 3.911925
0.08163265 0.6122449 6 3.205672
0.08163265 0.6326531 6 2.469347
0.08163265 0.6530612 6 1.751114
0.08163265 0.6734694 6 1.097954
0.08163265 0.6938776 6 0.5525889
0.08163265 0.7142857 6 0.1506917
0.08163265 0.7346939 6 -0.08144953
0.08163265 0.755102 6 -0.1286503
0.08163265 0.7755102 6 0.01217689
0.08163265 0.7959184 6 0.3318204
0.08163265 0.8163265 6 0.8093723
0.08163265 0.8367347 6 1.413596
0.08163265 0.8571429 6 2.104968
0.08163265 0.877551 6 2.838267
0.08163265 0.8979592 6 3.565527
0.08163265 0.9183673 6 4.239178
0.08163265 0.9387755 6 4.815155
0.08163265 0.9591837 6 5.255785
0.08163265 0.9795918 6 5.532246
0.08163265 1 6 5.626453
0.1020408 0 6 5.561108
0.1020408 0.02040816 6 5.4669
0.1020408 0.04081633 6 5.19044
0.1020408 0.06122449 6 4.74981
0.1020408 0.08163265 6 4.173832
0.1020408 0.1020408 6 3.500182
0.1020408 0.122449 6 2.772922
0.1020408 0.1428571 6 2.039623
0.1020408 0.1632653 6 1.34825
0.1020408 0.1836735 6 0.7440268
0.1020408 0.2040816 6 0.2664749
0.1020408 0.2244898 6 -0.05316861
0.1020408 0.244898 6 -0.1939958
0.1020408 0.2653061 6 -0.146795
0.1020408 0.2857143 6 0.08534617
0.1020408 0.3061224 6 0.4872434
0.1020408 0.3265306 6 1.032609
0.1020408 0.3469388 6 1.685769
0.1020408 0.3673469 6 2.404001
0.1020408 0.3877551 6 3.140326
0.1020408 0.4081633 6 3.84658
0.1020408 0.4285714 6 4.476566
0.1020408 0.4489796 6 4.989077
0.1020408 0.4693878 6 5.350591
0.1020408 0.4897959 6 5.537459
0.1020408 0.5102041 6 5.537459
0.1020408 0.5306122 6 5.350591
0.1020408 0.5510204 6 4.989077
0.1020408 0.5714286 6 4.476566
0.1020408 0.5918367 6 3.84658
0.1020408 0.6122449 6 3.140326
0.1020408 0.6326531 6 2.404001
0.1020408 0.6530612 6 1.685769
0.1020408 0.6734694 6 1.032609
0.1020408 0.6938776 6 0.4872434
0.1020408 0.7142857 6 0.08534617
0.1020408 0.7346939 6 -0.146795
0.1020408 0.755102 6 -0.1939958
0.1020408 0.7755102 6 -0.05316861
0.1020408 0.7959184 6 0.2664749
0.1020408 0.8163265 6 0.7440268
0.1020408 0.8367347 6 1.34825
0.1020408 0.8571429 6 2.039623
0.1020408 0.877551 6 2.772922
0.1020408 0.8979592 6 3.500182
0.1020408 0.9183673 6 4.173832
0.1020408 0.9387755 6 4.74981
0.1020408 0.9591837 6 5.19044
0.1020408 0.9795918 6 5.4669
0.1020408 1 6 5.561108
0.122449 0 6 5.490562
0.122449 0.02040816 6 5.396354
0.122449 0.04081633 6 5.119894
0.122449 0.06122449 6 4.679264
0.122449 0.08163265 6 4.103286
0.122449 0.1020408 6 3.429636
0.122449 0.122449 6 2.702376
0.122449 0.1428571 6 1.969077
0.122449 0.1632653 6 1.277705
0.122449 0.1836735 6 0.6734811
0.122449 0.2040816 6 0.1959292
0.122449 0.2244898 6 -0.1237143
0.122449 0.244898 6 -0.2645415
0.122449 0.2653061 6 -0.2173407
0.122449 0.2857143 6 0.01480046
0.122449 0.3061224 6 0.4166977
0.122449 0.3265306 6 0.9620628
0.122449 0.3469388 6 1.615223
0.122449 0.3673469 6 2.333456
0.122449 0.3877551 6 3.06978
0.122449 0.4081633 6 3.776034
0.122449 0.4285714 6 4.40602
0.122449 0.4489796 6 4.918532
0.122449 0.4693878 6 5.280045
0.122449 0.4897959 6 5.466913
0.122449 0.5102041 6 5.466913
0.122449 0.5306122 6 5.280045
0.122449 0.5510204 6 4.918532
0.122449 0.5714286 6 4.40602
0.122449 0.5918367 6 3.776034
0.122449 0.6122449 6 3.06978
0.122449 0.6326531 6 2.333456
0.122449 0.6530612 6 1.615223
0.122449 0.6734694 6 0.9620628
0.122449 0.6938776 6 0.4166977
0.122449 0.7142857 6 0.01480046
0.122449 0.7346939 6 -0.2173407
0.122449 0.755102 6 -0.2645415
0.122449 0.7755102 6 -0.1237143
0.122449 0.7959184 6 0.1959292
0.122449 0.8163265 6 0.6734811
0.122449 0.8367347 6 1.277705
0.122449 0.8571429 6 1.969077
0.122449 0.877551 6 2.702376
0.122449 0.8979592 6 3.429636
0.122449 0.9183673 6 4.103286
0.122449 0.9387755 6 4.679264
0.122449 0.9591837 6 5.119894
0.122449 0.9795918 6 5.396354
0.122449 1 6 5.490562
0.1428571 0 6 5.41943
0.1428571 0.02040816 6 5.325223
0.1428571 0.04081633 6 5.048763
0.1428571 0.06122449 6 4.608133
0.1428571 0.08163265 6 4.032155
0.1428571 0.1020408 6 3.358504
0.1428571 0.122449 6 2.631244
0.1428571 0.1428571 6 1.897946
0.1428571 0.1632653 6 1.206573
0.1428571 0.1836735 6 0.6023495
0.1428571 0.2040816 6 0.1247977
0.1428571 0.2244898 6 -0.1948458
0.1428571 0.244898 6 -0.335673
0.1428571 0.2653061 6 -0.2884722
0.1428571 0.2857143 6 -0.05633104
0.1428571 0.3061224 6 0.3455662
0.1428571 0.3265306 6 0.8909313
0.1428571 0.3469388 6 1.544092
0.1428571 0.3673469 6 2.262324
0.1428571 0.3877551 6 2.998649
0.1428571 0.4081633 6 3.704902
0.1428571 0.4285714 6 4.334889
0.1428571 0.4489796 6 4.8474
0.1428571 0.4693878 6 5.208913
0.1428571 0.4897959 6 5.395781
0.1428571 0.5102041 6 5.395781
0.1428571 0.5306122 6 5.208913
0.1428571 0.5510204 6 4.8474
0.1428571 0.5714286 6 4.334889
0.1428571 0.5918367 6 3.704902
0.1428571 0.6122449 6 2.998649
0.1428571 0.6326531 6 2.262324
0.1428571 0.6530612 6 1.544092
0.1428571 0.6734694 6 0.8909313
0.1428571 0.6938776 6 0.3455662
0.1428571 0.7142857 6 -0.05633104
0.1428571 0.7346939 6 -0.2884722
0.1428571 0.755102 6 -0.335673
0.1428571 0.7755102 6 -0.1948458
0.1428571 0.7959184 6 0.1247977
0.1428571 0.8163265 6 0.6023495
0.1428571 0.8367347 6 1.206573
0.1428571 0.8571429 6 1.897946
0.1428571 0.877551 6 2.631244
0.1428571 0.8979592 6 3.358504
0.1428571 0.9183673 6 4.032155
0.1428571 0.9387755 6 4.608133
0.1428571 0.9591837 6 5.048763
0.1428571 0.9795918 6 5.325223
0.1428571 1 6 5.41943
0.1632653 0 6 5.352366
0.1632653 0.02040816 6 5.258158
0.1632653 0.04081633 6 4.981698
0.1632653 0.06122449 6 4.541068
0.1632653 0.08163265 6 3.96509
0.1632653 0.1020408 6 3.29144
0.1632653 0.122449 6 2.56418
0.1632653 0.1428571 6 1.830881
0.1632653 0.1632653 6 1.139508
0.1632653 0.1836735 6 0.535285
0.1632653 0.2040816 6 0.05773311
0.1632653 0.2244898 6 -0.2619104
0.1632653 0.244898 6 -0.4027375
0.1632653 0.2653061 6 -0.3555368
0.1632653 0.2857143 6 -0.1233956
0.1632653 0.3061224 6 0.2785016
0.1632653 0.3265306 6 0.8238667
0.1632653 0.3469388 6 1.477027
0.1632653 0.3673469 6 2.19526
0.1632653 0.3877551 6 2.931584
0.1632653 0.4081633 6 3.637838
0.1632653 0.4285714 6 4.267824
0.1632653 0.4489796 6 4.780336
0.1632653 0.4693878 6 5.141849
0.1632653 0.4897959 6 5.328717
0.1632653 0.5102041 6 5.328717
0.1632653 0.5306122 6 5.141849
0.1632653 0.5510204 6 4.780336
0.1632653 0.5714286 6 4.267824
0.1632653 0.5918367 6 3.637838
0.1632653 0.6122449 6 2.931584
0.1632653 0.6326531 6 2.19526
0.1632653 0.6530612 6 1.477027
0.1632653 0.6734694 6 0.8238667
0.1632653 0.6938776 6 0.2785016
0.1632653 0.7142857 6 -0.1233956
0.1632653 0.7346939 6 -0.3555368
0.1632653 0.755102 6 -0.4027375
0.1632653 0.7755102 6 -0.2619104
0.1632653 0.7959184 6 0.05773311
0.1632653 0.8163265 6 0.535285
0.1632653 0.8367347 6 1.139508
0.1632653 0.8571429 6 1.830881
0.1632653 0.877551 6 2.56418
0.1632653 0.8979592 6 3.29144
0.1632653 0.9183673 6 3.96509
0.1632653 0.9387755 6 4.541068
0.1632653 0.9591837 6 4.981698
0.1632653 0.9795918 6 5.258158
0.1632653 1 6 5.352366
0.1836735 0 6 5.293755
0.1836735 0.02040816 6 5.199547
0.1836735 0.04081633 6 4.923087
0.1836735 0.06122449 6 4.482457
0.1836735 0.08163265 6 3.906479
0.1836735 0.1020408 6 3.232829
0.1836735 0.122449 6 2.505569
0.1836735 0.1428571 6 1.77227
0.1836735 0.1632653 6 1.080898
0.1836735 0.1836735 6 0.4766741
0.1836735 0.2040816 6 -0.0008778142
0.1836735 0.2244898 6 -0.3205213
0.1836735 0.244898 6 -0.4613485
0.1836735 0.2653061 6 -0.4141477
0.1836735 0.2857143 6 -0.1820065
0.1836735 0.3061224 6 0.2198907
0.1836735 0.3265306 6 0.7652558
0.1836735 0.3469388 6 1.418416
0.1836735 0.3673469 6 2.136649
0.1836735 0.3877551 6 2.872973
0.1836735 0.4081633 6 3.579227
0.1836735 0.4285714 6 4.209213
0.1836735 0.4489796 6 4.721725
0.1836735 0.4693878 6 5.083238
0.1836735 0.4897959 6 5.270106
0.1836735 0.5102041 6 5.270106
0.1836735 0.5306122 6 5.083238
0.1836735 0.5510204 6 4.721725
0.1836735 0.5714286 6 4.209213
0.1836735 0.5918367 6 3.579227
0.1836735 0.6122449 6 2.872973
0.1836735 0.6326531 6 2.136649
0.1836735 0.6530612 6 1.418416
0.1836735 0.6734694 6 0.7652558
0.1836735 0.6938776 6 0.2198907
0.1836735 0.7142857 6 -0.1820065
0.1836735 0.7346939 6 -0.4141477
0.1836735 0.755102 6 -0.4613485
0.1836735 0.7755102 6 -0.3205213
0.1836735 0.7959184 6 -0.0008778142
0.1836735 0.8163265 6 0.4766741
0.1836735 0.8367347 6 1.080898
0.1836735 0.8571429 6 1.77227
0.1836735 0.877551 6 2.505569
0.1836735 0.8979592 6 3.232829
0.1836735 0.9183673 6 3.906479
0.1836735 0.9387755 6 4.482457
0.1836735 0.9591837 6 4.923087
0.1836735 0.9795918 6 5.199547
0.1836735 1 6 5.293755
0.2040816 0 6 5.247431
0.2040816 0.02040816 6 5.153224
0.2040816 0.04081633 6 4.876764
0.2040816 0.06122449 6 4.436134
0.2040816 0.08163265 6 3.860156
0.2040816 0.1020408 6 3.186505
0.2040816 0.122449 6 2.459245
0.2040816 0.1428571 6 1.725947
0.2040816 0.1632653 6 1.034574
0.2040816 0.1836735 6 0.4303505
0.2040816 0.2040816 6 -0.04720133
0.2040816 0.2244898 6 -0.3668448
0.2040816 0.244898 6 -0.507672
0.2040816 0.2653061 6 -0.4604713
0.2040816 0.2857143 6 -0.2283301
0.2040816 0.3061224 6 0.1735672
0.2040816 0.3265306 6 0.7189323
0.2040816 0.3469388 6 1.372093
0.2040816 0.3673469 6 2.090325
0.2040816 0.3877551 6 2.82665
0.2040816 0.4081633 6 3.532903
0.2040816 0.4285714 6 4.16289
0.2040816 0.4489796 6 4.675401
0.2040816 0.4693878 6 5.036914
0.2040816 0.4897959 6 5.223782
0.2040816 0.5102041 6 5.223782
0.2040816 0.5306122 6 5.036914
0.2040816 0.5510204 6 4.675401
0.2040816 0.5714286 6 4.16289
0.2040816 0.5918367 6 3.532903
0.2040816 0.6122449 6 2.82665
0.2040816 0.6326531 6 2.090325
0.2040816 0.6530612 6 1.372093
0.2040816 0.6734694 6 0.7189323
0.2040816 0.6938776 6 0.1735672
0.2040816 0.7142857 6 -0.2283301
0.2040816 0.7346939 6 -0.4604713
0.2040816 0.755102 6 -0.507672
0.2040816 0.7755102 6 -0.3668448
0.2040816 0.7959184 6 -0.04720133
0.2040816 0.8163265 6 0.4303505
0.2040816 0.8367347 6 1.034574
0.2040816 0.8571429 6 1.725947
0.2040816 0.877551 6 2.459245
0.2040816 0.8979592 6 3.186505
0.2040816 0.9183673 6 3.860156
0.2040816 0.9387755 6 4.436134
0.2040816 0.9591837 6 4.876764
0.2040816 0.9795918 6 5.153224
0.2040816 1 6 5.247431
0.2244898 0 6 5.216425
0.2244898 0.02040816 6 5.122218
0.2244898 0.04081633 6 4.845757
0.2244898 0.06122449 6 4.405128
0.2244898 0.08163265 6 3.82915
0.2244898 0.1020408 6 3.155499
0.2244898 0.122449 6 2.428239
0.2244898 0.1428571 6 1.694941
0.2244898 0.1632653 6 1.003568
0.2244898 0.1836735 6 0.3993445
0.2244898 0.2040816 6 -0.07820741
0.2244898 0.2244898 6 -0.3978509
0.2244898 0.244898 6 -0.5386781
0.2244898 0.2653061 6 -0.4914773
0.2244898 0.2857143 6 -0.2593361
0.2244898 0.3061224 6 0.1425611
0.2244898 0.3265306 6 0.6879262
0.2244898 0.3469388 6 1.341087
0.2244898 0.3673469 6 2.059319
0.2244898 0.3877551 6 2.795644
0.2244898 0.4081633 6 3.501897
0.2244898 0.4285714 6 4.131884
0.2244898 0.4489796 6 4.644395
0.2244898 0.4693878 6 5.005908
0.2244898 0.4897959 6 5.192776
0.2244898 0.5102041 6 5.192776
0.2244898 0.5306122 6 5.005908
0.2244898 0.5510204 6 4.644395
0.2244898 0.5714286 6 4.131884
0.2244898 0.5918367 6 3.501897
0.2244898 0.6122449 6 2.795644
0.2244898 0.6326531 6 2.059319
0.2244898 0.6530612 6 1.341087
0.2244898 0.6734694 6 0.6879262
0.2244898 0.6938776 6 0.1425611
0.2244898 0.7142857 6 -0.2593361
0.2244898 0.7346939 6 -0.4914773
0.2244898 0.755102 6 -0.5386781
0.2244898 0.7755102 6 -0.3978509
0.2244898 0.7959184 6 -0.07820741
0.2244898 0.8163265 6 0.3993445
0.2244898 0.8367347 6 1.003568
0.2244898 0.8571429 6 1.694941
0.2244898 0.877551 6 2.428239
0.2244898 0.8979592 6 3.155499
0.2244898 0.9183673 6 3.82915
0.2244898 0.9387755 6 4.405128
0.2244898 0.9591837 6 4.845757
0.2244898 0.9795918 6 5.122218
0.2244898 1 6 5.216425
0.244898 0 6 5.202765
0.244898 0.02040816 6 5.108557
0.244898 0.04081633 6 4.832097
0.244898 0.06122449 6 4.391467
0.244898 0.08163265 6 3.815489
0.244898 0.1020408 6 3.141839
0.244898 0.122449 6 2.414579
0.244898 0.1428571 6 1.68128
0.244898 0.1632653 6 0.9899074
0.244898 0.1836735 6 0.3856839
0.244898 0.2040816 6 -0.09186794
0.244898 0.2244898 6 -0.4115114
0.244898 0.244898 6 -0.5523386
0.244898 0.2653061 6 -0.5051379
0.244898 0.2857143 6 -0.2729967
0.244898 0.3061224 6 0.1289006
0.244898 0.3265306 6 0.6742657
0.244898 0.3469388 6 1.327426
0.244898 0.3673469 6 2.045659
0.244898 0.3877551 6 2.781983
0.244898 0.4081633 6 3.488237
0.244898 0.4285714 6 4.118223
0.244898 0.4489796 6 4.630735
0.244898 0.4693878 6 4.992248
0.244898 0.4897959 6 5.179116
0.244898 0.5102041 6 5.179116
0.244898 0.5306122 6 4.992248
0.244898 0.5510204 6 4.630735
0.244898 0.5714286 6 4.118223
0.244898 0.5918367 6 3.488237
0.244898 0.6122449 6 2.781983
0.244898 0.6326531 6 2.045659
0.244898 0.6530612 6 1.327426
0.244898 0.6734694 6 0.6742657
0.244898 0.6938776 6 0.1289006
0.244898 0.7142857 6 -0.2729967
0.244898 0.7346939 6 -0.5051379
0.244898 0.755102 6 -0.5523386
0.244898 0.7755102 6 -0.4115114
0.244898 0.7959184 6 -0.09186794
0.244898 0.8163265 6 0.3856839
0.244898 0.8367347 6 0.9899074
0.244898 0.8571429 6 1.68128
0.244898 0.877551 6 2.414579
0.244898 0.8979592 6 3.141839
0.244898 0.9183673 6 3.815489
0.244898 0.9387755 6 4.391467
0.244898 0.9591837 6 4.832097
0.244898 0.9795918 6 5.108557
0.244898 1 6 5.202765
0.2653061 0 6 5.207343
0.2653061 0.02040816 6 5.113136
0.2653061 0.04081633 6 4.836676
0.2653061 0.06122449 6 4.396046
0.2653061 0.08163265 6 3.820068
0.2653061 0.1020408 6 3.146417
0.2653061 0.122449 6 2.419157
0.2653061 0.1428571 6 1.685859
0.2653061 0.1632653 6 0.994486
0.2653061 0.1836735 6 0.3902625
0.2653061 0.2040816 6 -0.08728937
0.2653061 0.2244898 6 -0.4069329
0.2653061 0.244898 6 -0.54776
0.2653061 0.2653061 6 -0.5005593
0.2653061 0.2857143 6 -0.2684181
0.2653061 0.3061224 6 0.1334792
0.2653061 0.3265306 6 0.6788443
0.2653061 0.3469388 6 1.332005
0.2653061 0.3673469 6 2.050237
0.2653061 0.3877551 6 2.786562
0.2653061 0.4081633 6 3.492815
0.2653061 0.4285714 6 4.122802
0.2653061 0.4489796 6 4.635313
0.2653061 0.4693878 6 4.996826
0.2653061 0.4897959 6 5.183694
0.2653061 0.5102041 6 5.183694
0.2653061 0.5306122 6 4.996826
0.2653061 0.5510204 6 4.635313
0.2653061 0.5714286 6 4.122802
0.2653061 0.5918367 6 3.492815
0.2653061 0.6122449 6 2.786562
0.2653061 0.6326531 6 2.050237
0.2653061 0.6530612 6 1.332005
0.2653061 0.6734694 6 0.6788443
0.2653061 0.6938776 6 0.1334792
0.2653061 0.7142857 6 -0.2684181
0.2653061 0.7346939 6 -0.5005593
0.2653061 0.755102 6 -0.54776
0.2653061 0.7755102 6 -0.4069329
0.2653061 0.7959184 6 -0.08728937
0.2653061 0.8163265 6 0.3902625
0.2653061 0.8367347 6 0.994486
0.2653061 0.8571429 6 1.685859
0.2653061 0.877551 6 2.419157
0.2653061 0.8979592 6 3.146417
0.2653061 0.9183673 6 3.820068
0.2653061 0.9387755 6 4.396046
0.2653061 0.9591837 6 4.836676
0.2653061 0.9795918 6 5.113136
0.2653061 1 6 5.207343
0.2857143 0 6 5.229862
0.2857143 0.02040816 6 5.135654
0.2857143 0.04081633 6 4.859194
0.2857143 0.06122449 6 4.418564
0.2857143 0.08163265 6 3.842586
0.2857143 0.1020408 6 3.168935
0.2857143 0.122449 6 2.441676
0.2857143 0.1428571 6 1.708377
0.2857143 0.1632653 6 1.017004
0.2857143 0.1836735 6 0.4127807
0.2857143 0.2040816 6 -0.06477119
0.2857143 0.2244898 6 -0.3844147
0.2857143 0.244898 6 -0.5252418
0.2857143 0.2653061 6 -0.4780411
0.2857143 0.2857143 6 -0.2458999
0.2857143 0.3061224 6 0.1559973
0.2857143 0.3265306 6 0.7013624
0.2857143 0.3469388 6 1.354523
0.2857143 0.3673469 6 2.072755
0.2857143 0.3877551 6 2.80908
0.2857143 0.4081633 6 3.515334
0.2857143 0.4285714 6 4.14532
0.2857143 0.4489796 6 4.657831
0.2857143 0.4693878 6 5.019344
0.2857143 0.4897959 6 5.206213
0.2857143 0.5102041 6 5.206213
0.2857143 0.5306122 6 5.019344
0.2857143 0.5510204 6 4.657831
0.2857143 0.5714286 6 4.14532
0.2857143 0.5918367 6 3.515334
0.2857143 0.6122449 6 2.80908
0.2857143 0.6326531 6 2.072755
0.2857143 0.6530612 6 1.354523
0.2857143 0.6734694 6 0.7013624
0.2857143 0.6938776 6 0.1559973
0.2857143 0.7142857 6 -0.2458999
0.2857143 0.7346939 6 -0.4780411
0.2857143 0.755102 6 -0.5252418
0.2857143 0.7755102 6 -0.3844147
0.2857143 0.7959184 6 -0.06477119
0.2857143 0.8163265 6 0.4127807
0.2857143 0.8367347 6 1.017004
0.2857143 0.8571429 6 1.708377
0.2857143 0.877551 6 2.441676
0.2857143 0.8979592 6 3.168935
0.2857143 0.9183673 6 3.842586
0.2857143 0.9387755 6 4.418564
0.2857143 0.9591837 6 4.859194
0.2857143 0.9795918 6 5.135654
0.2857143 1 6 5.229862
0.3061224 0 6 5.268846
0.3061224 0.02040816 6 5.174639
0.3061224 0.04081633 6 4.898179
0.3061224 0.06122449 6 4.457549
0.3061224 0.08163265 6 3.881571
0.3061224 0.1020408 6 3.20792
0.3061224 0.122449 6 2.48066
0.3061224 0.1428571 6 1.747362
0.3061224 0.1632653 6 1.055989
0.3061224 0.1836735 6 0.4517655
0.3061224 0.2040816 6 -0.02578633
0.3061224 0.2244898 6 -0.3454298
0.3061224 0.244898 6 -0.486257
0.3061224 0.2653061 6 -0.4390563
0.3061224 0.2857143 6 -0.206915
0.3061224 0.3061224 6 0.1949822
0.3061224 0.3265306 6 0.7403473
0.3061224 0.3469388 6 1.393508
0.3061224 0.3673469 6 2.11174
0.3061224 0.3877551 6 2.848065
0.3061224 0.4081633 6 3.554318
0.3061224 0.4285714 6 4.184305
0.3061224 0.4489796 6 4.696816
0.3061224 0.4693878 6 5.058329
0.3061224 0.4897959 6 5.245197
0.3061224 0.5102041 6 5.245197
0.3061224 0.5306122 6 5.058329
0.3061224 0.5510204 6 4.696816
0.3061224 0.5714286 6 4.184305
0.3061224 0.5918367 6 3.554318
0.3061224 0.6122449 6 2.848065
0.3061224 0.6326531 6 2.11174
0.3061224 0.6530612 6 1.393508
0.3061224 0.6734694 6 0.7403473
0.3061224 0.6938776 6 0.1949822
0.3061224 0.7142857 6 -0.206915
0.3061224 0.7346939 6 -0.4390563
0.3061224 0.755102 6 -0.486257
0.3061224 0.7755102 6 -0.3454298
0.3061224 0.7959184 6 -0.02578633
0.3061224 0.8163265 6 0.4517655
0.3061224 0.8367347 6 1.055989
0.3061224 0.8571429 6 1.747362
0.3061224 0.877551 6 2.48066
0.3061224 0.8979592 6 3.20792
0.3061224 0.9183673 6 3.881571
0.3061224 0.9387755 6 4.457549
0.3061224 0.9591837 6 4.898179
0.3061224 0.9795918 6 5.174639
0.3061224 1 6 5.268846
0.3265306 0 6 5.321748
0.3265306 0.02040816 6 5.22754
0.3265306 0.04081633 6 4.95108
0.3265306 0.06122449 6 4.51045
0.3265306 0.08163265 6 3.934473
0.3265306 0.1020408 6 3.260822
0.3265306 0.122449 6 2.533562
0.3265306 0.1428571 6 1.800263
0.3265306 0.1632653 6 1.108891
0.3265306 0.1836735 6 0.5046671
0.3265306 0.2040816 6 0.02711521
0.3265306 0.2244898 6 -0.2925283
0.3265306 0.244898 6 -0.4333554
0.3265306 0.2653061 6 -0.3861547
0.3265306 0.2857143 6 -0.1540135
0.3265306 0.3061224 6 0.2478837
0.3265306 0.3265306 6 0.7932488
0.3265306 0.3469388 6 1.446409
0.3265306 0.3673469 6 2.164642
0.3265306 0.3877551 6 2.900966
0.3265306 0.4081633 6 3.60722
0.3265306 0.4285714 6 4.237206
0.3265306 0.4489796 6 4.749718
0.3265306 0.4693878 6 5.111231
0.3265306 0.4897959 6 5.298099
0.3265306 0.5102041 6 5.298099
0.3265306 0.5306122 6 5.111231
0.3265306 0.5510204 6 4.749718
0.3265306 0.5714286 6 4.237206
0.3265306 0.5918367 6 3.60722
0.3265306 0.6122449 6 2.900966
0.3265306 0.6326531 6 2.164642
0.3265306 0.6530612 6 1.446409
0.3265306 0.6734694 6 0.7932488
0.3265306 0.6938776 6 0.2478837
0.3265306 0.7142857 6 -0.1540135
0.3265306 0.7346939 6 -0.3861547
0.3265306 0.755102 6 -0.4333554
0.3265306 0.7755102 6 -0.2925283
0.3265306 0.7959184 6 0.02711521
0.3265306 0.8163265 6 0.5046671
0.3265306 0.8367347 6 1.108891
0.3265306 0.8571429 6 1.800263
0.3265306 0.877551 6 2.533562
0.3265306 0.8979592 6 3.260822
0.3265306 0.9183673 6 3.934473
0.3265306 0.9387755 6 4.51045
0.3265306 0.9591837 6 4.95108
0.3265306 0.9795918 6 5.22754
0.3265306 1 6 5.321748
0.3469388 0 6 5.385106
0.3469388 0.02040816 6 5.290898
0.3469388 0.04081633 6 5.014438
0.3469388 0.06122449 6 4.573808
0.3469388 0.08163265 6 3.99783
0.3469388 0.1020408 6 3.32418
0.3469388 0.122449 6 2.59692
0.3469388 0.1428571 6 1.863621
0.3469388 0.1632653 6 1.172248
0.3469388 0.1836735 6 0.568025
0.3469388 0.2040816 6 0.09047313
0.3469388 0.2244898 6 -0.2291704
0.3469388 0.244898 6 -0.3699975
0.3469388 0.2653061 6 -0.3227968
0.3469388 0.2857143 6 -0.0906556
0.3469388 0.3061224 6 0.3112417
0.3469388 0.3265306 6 0.8566068
0.3469388 0.3469388 6 1.509767
0.3469388 0.3673469 6 2.228
0.3469388 0.3877551 6 2.964324
0.3469388 0.4081633 6 3.670578
0.3469388 0.4285714 6 4.300564
0.3469388 0.4489796 6 4.813076
0.3469388 0.4693878 6 5.174589
0.3469388 0.4897959 6 5.361457
0.3469388 0.5102041 6 5.361457
0.3469388 0.5306122 6 5.174589
0.3469388 0.5510204 6 4.813076
0.3469388 0.5714286 6 4.300564
0.3469388 0.5918367 6 3.670578
0.3469388 0.6122449 6 2.964324
0.3469388 0.6326531 6 2.228
0.3469388 0.6530612 6 1.509767
0.3469388 0.6734694 6 0.8566068
0.3469388 0.6938776 6 0.3112417
0.3469388 0.7142857 6 -0.0906556
0.3469388 0.7346939 6 -0.3227968
0.3469388 0.755102 6 -0.3699975
0.3469388 0.7755102 6 -0.2291704
0.3469388 0.7959184 6 0.09047313
0.3469388 0.8163265 6 0.568025
0.3469388 0.8367347 6 1.172248
0.3469388 0.8571429 6 1.863621
0.3469388 0.877551 6 2.59692
0.3469388 0.8979592 6 3.32418
0.3469388 0.9183673 6 3.99783
0.3469388 0.9387755 6 4.573808
0.3469388 0.9591837 6 5.014438
0.3469388 0.9795918 6 5.290898
0.3469388 1 6 5.385106
0.3673469 0 6 5.454776
0.3673469 0.02040816 6 5.360568
0.3673469 0.04081633 6 5.084108
0.3673469 0.06122449 6 4.643478
0.3673469 0.08163265 6 4.0675
0.3673469 0.1020408 6 3.39385
0.3673469 0.122449 6 2.66659
0.3673469 0.1428571 6 1.933291
0.3673469 0.1632653 6 1.241918
0.3673469 0.1836735 6 0.637695
0.3673469 0.2040816 6 0.1601432
0.3673469 0.2244898 6 -0.1595003
0.3673469 0.244898 6 -0.3003275
0.3673469 0.2653061 6 -0.2531268
0.3673469 0.2857143 6 -0.02098557
0.3673469 0.3061224 6 0.3809117
0.3673469 0.3265306 6 0.9262768
0.3673469 0.3469388 6 1.579437
0.3673469 0.3673469 6 2.29767
0.3673469 0.3877551 6 3.033994
0.3673469 0.4081633 6 3.740248
0.3673469 0.4285714 6 4.370234
0.3673469 0.4489796 6 4.882746
0.3673469 0.4693878 6 5.244259
0.3673469 0.4897959 6 5.431127
0.3673469 0.5102041 6 5.431127
0.3673469 0.5306122 6 5.244259
0.3673469 0.5510204 6 4.882746
0.3673469 0.5714286 6 4.370234
0.3673469 0.5918367 6 3.740248
0.3673469 0.6122449 6 3.033994
0.3673469 0.6326531 6 2.29767
0.3673469 0.6530612 6 1.579437
0.3673469 0.6734694 6 0.9262768
0.3673469 0.6938776 6 0.3809117
0.3673469 0.7142857 6 -0.02098557
0.3673469 0.7346939 6 -0.2531268
0.3673469 0.755102 6 -0.3003275
0.3673469 0.7755102 6 -0.1595003
0.3673469 0.7959184 6 0.1601432
0.3673469 0.8163265 6 0.637695
0.3673469 0.8367347 6 1.241918
0.3673469 0.8571429 6 1.933291
0.3673469 0.877551 6 2.66659
0.3673469 0.8979592 6 3.39385
0.3673469 0.9183673 6 4.0675
0.3673469 0.9387755 6 4.643478
0.3673469 0.9591837 6 5.084108
0.3673469 0.9795918 6 5.360568
0.3673469 1 6 5.454776
0.3877551 0 6 5.526201
0.3877551 0.02040816 6 5.431993
0.3877551 0.04081633 6 5.155533
0.3877551 0.06122449 6 4.714903
0.3877551 0.08163265 6 4.138925
0.3877551 0.1020408 6 3.465275
0.3877551 0.122449 6 2.738015
0.3877551 0.1428571 6 2.004716
0.3877551 0.1632653 6 1.313343
0.3877551 0.1836735 6 0.70912
0.3877551 0.2040816 6 0.2315682
0.3877551 0.2244898 6 -0.08807534
0.3877551 0.244898 6 -0.2289025
0.3877551 0.2653061 6 -0.1817018
0.3877551 0.2857143 6 0.05043944
0.3877551 0.3061224 6 0.4523367
0.3877551 0.3265306 6 0.9977018
0.3877551 0.3469388 6 1.650862
0.3877551 0.3673469 6 2.369095
0.3877551 0.3877551 6 3.105419
0.3877551 0.4081633 6 3.811673
0.3877551 0.4285714 6 4.441659
0.3877551 0.4489796 6 4.954171
0.3877551 0.4693878 6 5.315684
0.3877551 0.4897959 6 5.502552
0.3877551 0.5102041 6 5.502552
0.3877551 0.5306122 6 5.315684
0.3877551 0.5510204 6 4.954171
0.3877551 0.5714286 6 4.441659
0.3877551 0.5918367 6 3.811673
0.3877551 0.6122449 6 3.105419
0.3877551 0.6326531 6 2.369095
0.3877551 0.6530612 6 1.650862
0.3877551 0.6734694 6 0.9977018
0.3877551 0.6938776 6 0.4523367
0.3877551 0.7142857 6 0.05043944
0.3877551 0.7346939 6 -0.1817018
0.3877551 0.755102 6 -0.2289025
0.3877551 0.7755102 6 -0.08807534
0.3877551 0.7959184 6 0.2315682
0.3877551 0.8163265 6 0.70912
0.3877551 0.8367347 6 1.313343
0.3877551 0.8571429 6 2.004716
0.3877551 0.877551 6 2.738015
0.3877551 0.8979592 6 3.465275
0.3877551 0.9183673 6 4.138925
0.3877551 0.9387755 6 4.714903
0.3877551 0.9591837 6 5.155533
0.3877551 0.9795918 6 5.431993
0.3877551 1 6 5.526201
0.4081633 0 6 5.594709
0.4081633 0.02040816 6 5.500501
0.4081633 0.04081633 6 5.224041
0.4081633 0.06122449 6 4.783411
0.4081633 0.08163265 6 4.207434
0.4081633 0.1020408 6 3.533783
0.4081633 0.122449 6 2.806523
0.4081633 0.1428571 6 2.073224
0.4081633 0.1632653 6 1.381852
0.4081633 0.1836735 6 0.7776281
0.4081633 0.2040816 6 0.3000762
0.4081633 0.2244898 6 -0.01956728
0.4081633 0.244898 6 -0.1603944
0.4081633 0.2653061 6 -0.1131937
0.4081633 0.2857143 6 0.1189475
0.4081633 0.3061224 6 0.5208447
0.4081633 0.3265306 6 1.06621
0.4081633 0.3469388 6 1.71937
0.4081633 0.3673469 6 2.437603
0.4081633 0.3877551 6 3.173927
0.4081633 0.4081633 6 3.880181
0.4081633 0.4285714 6 4.510167
0.4081633 0.4489796 6 5.022679
0.4081633 0.4693878 6 5.384192
0.4081633 0.4897959 6 5.57106
0.4081633 0.5102041 6 5.57106
0.4081633 0.5306122 6 5.384192
0.4081633 0.5510204 6 5.022679
0.4081633 0.5714286 6 4.510167
0.4081633 0.5918367 6 3.880181
0.4081633 0.6122449 6 3.173927
0.4081633 0.6326531 6 2.437603
0.4081633 0.6530612 6 1.71937
0.4081633 0.6734694 6 1.06621
0.4081633 0.6938776 6 0.5208447
0.4081633 0.7142857 6 0.1189475
0.4081633 0.7346939 6 -0.1131937
0.4081633 0.755102 6 -0.1603944
0.4081633 0.7755102 6 -0.01956728
0.4081633 0.7959184 6 0.3000762
0.4081633 0.8163265 6 0.7776281
0.4081633 0.8367347 6 1.381852
0.4081633 0.8571429 6 2.073224
0.4081633 0.877551 6 2.806523
0.4081633 0.8979592 6 3.533783
0.4081633 0.9183673 6 4.207434
0.4081633 0.9387755 6 4.783411
0.4081633 0.9591837 6 5.224041
0.4081633 0.9795918 6 5.500501
0.4081633 1 6 5.594709
0.4285714 0 6 5.655819
0.4285714 0.02040816 6 5.561611
0.4285714 0.04081633 6 5.285151
0.4285714 0.06122449 6 4.844521
0.4285714 0.08163265 6 4.268543
0.4285714 0.1020408 6 3.594893
0.4285714 0.122449 6 2.867633
0.4285714 0.1428571 6 2.134334
0.4285714 0.1632653 6 1.442962
0.4285714 0.1836735 6 0.8387381
0.4285714 0.2040816 6 0.3611862
0.4285714 0.2244898 6 0.04154269
0.4285714 0.244898 6 -0.09928447
0.4285714 0.2653061 6 -0.05208374
0.4285714 0.2857143 6 0.1800575
0.4285714 0.3061224 6 0.5819547
0.4285714 0.3265306 6 1.12732
0.4285714 0.3469388 6 1.78048
0.4285714 0.3673469 6 2.498713
0.4285714 0.3877551 6 3.235037
0.4285714 0.4081633 6 3.941291
0.4285714 0.4285714 6 4.571277
0.4285714 0.4489796 6 5.083789
0.4285714 0.4693878 6 5.445302
0.4285714 0.4897959 6 5.63217
0.4285714 0.5102041 6 5.63217
0.4285714 0.5306122 6 5.445302
0.4285714 0.5510204 6 5.083789
0.4285714 0.5714286 6 4.571277
0.4285714 0.5918367 6 3.941291
0.4285714 0.6122449 6 3.235037
0.4285714 0.6326531 6 2.498713
0.4285714 0.6530612 6 1.78048
0.4285714 0.6734694 6 1.12732
0.4285714 0.6938776 6 0.5819547
0.4285714 0.7142857 6 0.1800575
0.4285714 0.7346939 6 -0.05208374
0.4285714 0.755102 6 -0.09928447
0.4285714 0.7755102 6 0.04154269
0.4285714 0.7959184 6 0.3611862
0.4285714 0.8163265 6 0.8387381
0.4285714 0.8367347 6 1.442962
0.4285714 0.8571429 6 2.134334
0.4285714 0.877551 6 2.867633
0.4285714 0.8979592 6 3.594893
0.4285714 0.9183673 6 4.268543
0.4285714 0.9387755 6 4.844521
0.4285714 0.9591837 6 5.285151
0.4285714 0.9795918 6 5.561611
0.4285714 1 6 5.655819
0.4489796 0 6 5.705534
0.4489796 0.02040816 6 5.611326
0.4489796 0.04081633 6 5.334866
0.4489796 0.06122449 6 4.894236
0.4489796 0.08163265 6 4.318258
0.4489796 0.1020408 6 3.644608
0.4489796 0.122449 6 2.917348
0.4489796 0.1428571 6 2.184049
0.4489796 0.1632653 6 1.492676
0.4489796 0.1836735 6 0.8884527
0.4489796 0.2040816 6 0.4109009
0.4489796 0.2244898 6 0.09125736
0.4489796 0.244898 6 -0.04956979
0.4489796 0.2653061 6 -0.002369063
0.4489796 0.2857143 6 0.2297721
0.4489796 0.3061224 6 0.6316694
0.4489796 0.3265306 6 1.177034
0.4489796 0.3469388 6 1.830195
0.4489796 0.3673469 6 2.548427
0.4489796 0.3877551 6 3.284752
0.4489796 0.4081633 6 3.991006
0.4489796 0.4285714 6 4.620992
0.4489796 0.4489796 6 5.133503
0.4489796 0.4693878 6 5.495017
0.4489796 0.4897959 6 5.681885
0.4489796 0.5102041 6 5.681885
0.4489796 0.5306122 6 5.495017
0.4489796 0.5510204 6 5.133503
0.4489796 0.5714286 6 4.620992
0.4489796 0.5918367 6 3.991006
0.4489796 0.6122449 6 3.284752
0.4489796 0.6326531 6 2.548427
0.4489796 0.6530612 6 1.830195
0.4489796 0.6734694 6 1.177034
0.4489796 0.6938776 6 0.6316694
0.4489796 0.7142857 6 0.2297721
0.4489796 0.7346939 6 -0.002369063
0.4489796 0.755102 6 -0.04956979
0.4489796 0.7755102 6 0.09125736
0.4489796 0.7959184 6 0.4109009
0.4489796 0.8163265 6 0.8884527
0.4489796 0.8367347 6 1.492676
0.4489796 0.8571429 6 2.184049
0.4489796 0.877551 6 2.917348
0.4489796 0.8979592 6 3.644608
0.4489796 0.9183673 6 4.318258
0.4489796 0.9387755 6 4.894236
0.4489796 0.9591837 6 5.334866
0.4489796 0.9795918 6 5.611326
0.4489796 1 6 5.705534
0.4693878 0 6 5.740601
0.4693878 0.02040816 6 5.646394
0.4693878 0.04081633 6 5.369933
0.4693878 0.06122449 6 4.929303
0.4693878 0.08163265 6 4.353326
0.4693878 0.1020408 6 3.679675
0.4693878 0.122449 6 2.952415
0.4693878 0.1428571 6 2.219116
0.4693878 0.1632653 6 1.527744
0.4693878 0.1836735 6 0.9235203
0.4693878 0.2040816 6 0.4459684
0.4693878 0.2244898 6 0.1263249
0.4693878 0.244898 6 -0.01450227
0.4693878 0.2653061 6 0.03269846
0.4693878 0.2857143 6 0.2648397
0.4693878 0.3061224 6 0.6667369
0.4693878 0.3265306 6 1.212102
0.4693878 0.3469388 6 1.865262
0.4693878 0.3673469 6 2.583495
0.4693878 0.3877551 6 3.31982
0.4693878 0.4081633 6 4.026073
0.4693878 0.4285714 6 4.656059
0.4693878 0.4489796 6 5.168571
0.4693878 0.4693878 6 5.530084
0.4693878 0.4897959 6 5.716952
0.4693878 0.5102041 6 5.716952
0.4693878 0.5306122 6 5.530084
0.4693878 0.5510204 6 5.168571
0.4693878 0.5714286 6 4.656059
0.4693878 0.5918367 6 4.026073
0.4693878 0.6122449 6 3.31982
0.4693878 0.6326531 6 2.583495
0.4693878 0.6530612 6 1.865262
0.4693878 0.6734694 6 1.212102
0.4693878 0.6938776 6 0.6667369
0.4693878 0.7142857 6 0.2648397
0.4693878 0.7346939 6 0.03269846
0.4693878 0.755102 6 -0.01450227
0.4693878 0.7755102 6 0.1263249
0.4693878 0.7959184 6 0.4459684
0.4693878 0.8163265 6 0.9235203
0.4693878 0.8367347 6 1.527744
0.4693878 0.8571429 6 2.219116
0.4693878 0.877551 6 2.952415
0.4693878 0.8979592 6 3.679675
0.4693878 0.9183673 6 4.353326
0.4693878 0.9387755 6 4.929303
0.4693878 0.9591837 6 5.369933
0.4693878 0.9795918 6 5.646394
0.4693878 1 6 5.740601
0.4897959 0 6 5.758728
0.4897959 0.02040816 6 5.66452
0.4897959 0.04081633 6 5.38806
0.4897959 0.06122449 6 4.94743
0.4897959 0.08163265 6 4.371452
0.4897959 0.1020408 6 3.697802
0.4897959 0.122449 6 2.970542
0.4897959 0.1428571 6 2.237243
0.4897959 0.1632653 6 1.54587
0.4897959 0.1836735 6 0.9416468
0.4897959 0.2040816 6 0.464095
0.4897959 0.2244898 6 0.1444515
0.4897959 0.244898 6 0.003624321
0.4897959 0.2653061 6 0.05082505
0.4897959 0.2857143 6 0.2829663
0.4897959 0.3061224 6 0.6848635
0.4897959 0.3265306 6 1.230229
0.4897959 0.3469388 6 1.883389
0.4897959 0.3673469 6 2.601621
0.4897959 0.3877551 6 3.337946
0.4897959 0.4081633 6 4.0442
0.4897959 0.4285714 6 4.674186
0.4897959 0.4489796 6 5.186698
0.4897959 0.4693878 6 5.548211
0.4897959 0.4897959 6 5.735079
0.4897959 0.5102041 6 5.735079
0.4897959 0.5306122 6 5.548211
0.4897959 0.5510204 6 5.186698
0.4897959 0.5714286 6 4.674186
0.4897959 0.5918367 6 4.0442
0.4897959 0.6122449 6 3.337946
0.4897959 0.6326531 6 2.601621
0.4897959 0.6530612 6 1.883389
0.4897959 0.6734694 6 1.230229
0.4897959 0.6938776 6 0.6848635
0.4897959 0.7142857 6 0.2829663
0.4897959 0.7346939 6 0.05082505
0.4897959 0.755102 6 0.003624321
0.4897959 0.7755102 6 0.1444515
0.4897959 0.7959184 6 0.464095
0.4897959 0.8163265 6 0.9416468
0.4897959 0.8367347 6 1.54587
0.4897959 0.8571429 6 2.237243
0.4897959 0.877551 6 2.970542
0.4897959 0.8979592 6 3.697802
0.4897959 0.9183673 6 4.371452
0.4897959 0.9387755 6 4.94743
0.4897959 0.9591837 6 5.38806
0.4897959 0.9795918 6 5.66452
0.4897959 1 6 5.758728
0.5102041 0 6 5.758728
0.5102041 0.02040816 6 5.66452
0.5102041 0.04081633 6 5.38806
0.5102041 0.06122449 6 4.94743
0.5102041 0.08163265 6 4.371452
0.5102041 0.1020408 6 3.697802
0.5102041 0.122449 6 2.970542
0.5102041 0.1428571 6 2.237243
0.5102041 0.1632653 6 1.54587
0.5102041 0.1836735 6 0.9416468
0.5102041 0.2040816 6 0.464095
0.5102041 0.2244898 6 0.1444515
0.5102041 0.244898 6 0.003624321
0.5102041 0.2653061 6 0.05082505
0.5102041 0.2857143 6 0.2829663
0.5102041 0.3061224 6 0.6848635
0.5102041 0.3265306 6 1.230229
0.5102041 0.3469388 6 1.883389
0.5102041 0.3673469 6 2.601621
0.5102041 0.3877551 6 3.337946
0.5102041 0.4081633 6 4.0442
0.5102041 0.4285714 6 4.674186
0.5102041 0.4489796 6 5.186698
0.5102041 0.4693878 6 5.548211
0.5102041 0.4897959 6 5.735079
0.5102041 0.5102041 6 5.735079
0.5102041 0.5306122 6 5.548211
0.5102041 0.5510204 6 5.186698
0.5102041 0.5714286 6 4.674186
0.5102041 0.5918367 6 4.0442
0.5102041 0.6122449 6 3.337946
0.5102041 0.6326531 6 2.601621
0.5102041 0.6530612 6 1.883389
0.5102041 0.6734694 6 1.230229
0.5102041 0.6938776 6 0.6848635
0.5102041 0.7142857 6 0.2829663
0.5102041 0.7346939 6 0.05082505
0.5102041 0.755102 6 0.003624321
0.5102041 0.7755102 6 0.1444515
0.5102041 0.7959184 6 0.464095
0.5102041 0.8163265 6 0.9416468
0.5102041 0.8367347 6 1.54587
0.5102041 0.8571429 6 2.237243
0.5102041 0.877551 6 2.970542
0.5102041 0.8979592 6 3.697802
0.5102041 0.9183673 6 4.371452
0.5102041 0.9387755 6 4.94743
0.5102041 0.9591837 6 5.38806
0.5102041 0.9795918 6 5.66452
0.5102041 1 6 5.758728
0.5306122 0 6 5.740601
0.5306122 0.02040816 6 5.646394
0.5306122 0.04081633 6 5.369933
0.5306122 0.06122449 6 4.929303
0.5306122 0.08163265 6 4.353326
0.5306122 0.1020408 6 3.679675
0.5306122 0.122449 6 2.952415
0.5306122 0.1428571 6 2.219116
0.5306122 0.1632653 6 1.527744
0.5306122 0.1836735 6 0.9235203
0.5306122 0.2040816 6 0.4459684
0.5306122 0.2244898 6 0.1263249
0.5306122 0.244898 6 -0.01450227
0.5306122 0.2653061 6 0.03269846
0.5306122 0.2857143 6 0.2648397
0.5306122 0.3061224 6 0.6667369
0.5306122 0.3265306 6 1.212102
0.5306122 0.3469388 6 1.865262
0.5306122 0.3673469 6 2.583495
0.5306122 0.3877551 6 3.31982
0.5306122 0.4081633 6 4.026073
0.5306122 0.4285714 6 4.656059
0.5306122 0.4489796 6 5.168571
0.5306122 0.4693878 6 5.530084
0.5306122 0.4897959 6 5.716952
0.5306122 0.5102041 6 5.716952
0.5306122 0.5306122 6 5.530084
0.5306122 0.5510204 6 5.168571
0.5306122 0.5714286 6 4.656059
0.5306122 0.5918367 6 4.026073
0.5306122 0.6122449 6 3.31982
0.5306122 0.6326531 6 2.583495
0.5306122 0.6530612 6 1.865262
0.5306122 0.6734694 6 1.212102
0.5306122 0.6938776 6 0.6667369
0.5306122 0.7142857 6 0.2648397
0.5306122 0.7346939 6 0.03269846
0.5306122 0.755102 6 -0.01450227
0.5306122 0.7755102 6 0.1263249
0.5306122 0.7959184 6 0.4459684
0.5306122 0.8163265 6 0.9235203
0.5306122 0.8367347 6 1.527744
0.5306122 0.8571429 6 2.219116
0.5306122 0.877551 6 2.952415
0.5306122 0.8979592 6 3.679675
0.5306122 0.9183673 6 4.353326
0.5306122 0.9387755 6 4.929303
0.5306122 0.9591837 6 5.369933
0.5306122 0.9795918 6 5.646394
0.5306122 1 6 5.740601
0.5510204 0 6 5.705534
0.5510204 0.02040816 6 5.611326
0.5510204 0.04081633 6 5.334866
0.5510204 0.06122449 6 4.894236
0.5510204 0.08163265 6 4.318258
0.5510204 0.1020408 6 3.644608
0.5510204 0.122449 6 2.917348
0.5510204 0.1428571 6 2.184049
0.5510204 0.1632653 6 1.492676
0.5510204 0.1836735 6 0.8884527
0.5510204 0.2040816 6 0.4109009
0.5510204 0.2244898 6 0.09125736
0.5510204 0.244898 6 -0.04956979
0.5510204 0.2653061 6 -0.002369063
0.5510204 0.2857143 6 0.2297721
0.5510204 0.3061224 6 0.6316694
0.5510204 0.3265306 6 1.177034
0.5510204 0.3469388 6 1.830195
0.5510204 0.3673469 6 2.548427
0.5510204 0.3877551 6 3.284752
0.5510204 0.4081633 6 3.991006
0.5510204 0.4285714 6 4.620992
0.5510204 0.4489796 6 5.133503
0.5510204 0.4693878 6 5.495017
0.5510204 0.4897959 6 5.681885
0.5510204 0.5102041 6 5.681885
0.5510204 0.5306122 6 5.495017
0.5510204 0.5510204 6 5.133503
0.5510204 0.5714286 6 4.620992
0.5510204 0.5918367 6 3.991006
0.5510204 0.6122449 6 3.284752
0.5510204 0.6326531 6 2.548427
0.5510204 0.6530612 6 1.830195
0.5510204 0.6734694 6 1.177034
0.5510204 0.6938776 6 0.6316694
0.5510204 0.7142857 6 0.2297721
0.5510204 0.7346939 6 -0.002369063
0.5510204 0.755102 6 -0.04956979
0.5510204 0.7755102 6 0.09125736
0.5510204 0.7959184 6 0.4109009
0.5510204 0.8163265 6 0.8884527
0.5510204 0.8367347 6 1.492676
0.5510204 0.8571429 6 2.184049
0.5510204 0.877551 6 2.917348
0.5510204 0.8979592 6 3.644608
0.5510204 0.9183673 6 4.318258
0.5510204 0.9387755 6 4.894236
0.5510204 0.9591837 6 5.334866
0.5510204 0.9795918 6 5.611326
0.5510204 1 6 5.705534
0.5714286 0 6 5.655819
0.5714286 0.02040816 6 5.561611
0.5714286 0.04081633 6 5.285151
0.5714286 0.06122449 6 4.844521
0.5714286 0.08163265 6 4.268543
0.5714286 0.1020408 6 3.594893
0.5714286 0.122449 6 2.867633
0.5714286 0.1428571 6 2.134334
0.5714286 0.1632653 6 1.442962
0.5714286 0.1836735 6 0.8387381
0.5714286 0.2040816 6 0.3611862
0.5714286 0.2244898 6 0.04154269
0.5714286 0.244898 6 -0.09928447
0.5714286 0.2653061 6 -0.05208374
0.5714286 0.2857143 6 0.1800575
0.5714286 0.3061224 6 0.5819547
0.5714286 0.3265306 6 1.12732
0.5714286 0.3469388 6 1.78048
0.5714286 0.3673469 6 2.498713
0.5714286 0.3877551 6 3.235037
0.5714286 0.4081633 6 3.941291
0.5714286 0.4285714 6 4.571277
0.5714286 0.4489796 6 5.083789
0.5714286 0.4693878 6 5.445302
0.5714286 0.4897959 6 5.63217
0.5714286 0.5102041 6 5.63217
0.5714286 0.5306122 6 5.445302
0.5714286 0.5510204 6 5.083789
0.5714286 0.5714286 6 4.571277
0.5714286 0.5918367 6 3.941291
0.5714286 0.6122449 6 3.235037
0.5714286 0.6326531 6 2.498713
0.5714286 0.6530612 6 1.78048
0.5714286 0.6734694 6 1.12732
0.5714286 0.6938776 6 0.5819547
0.5714286 0.7142857 6 0.1800575
0.5714286 0.7346939 6 -0.05208374
0.5714286 0.755102 6 -0.09928447
0.5714286 0.7755102 6 0.04154269
0.5714286 0.7959184 6 0.3611862
0.5714286 0.8163265 6 0.8387381
0.5714286 0.8367347 6 1.442962
0.5714286 0.8571429 6 2.134334
0.5714286 0.877551 6 2.867633
0.5714286 0.8979592 6 3.594893
0.5714286 0.9183673 6 4.268543
0.5714286 0.9387755 6 4.844521
0.5714286 0.9591837 6 5.285151
0.5714286 0.9795918 6 5.561611
0.5714286 1 6 5.655819
0.5918367 0 6 5.594709
0.5918367 0.02040816 6 5.500501
0.5918367 0.04081633 6 5.224041
0.5918367 0.06122449 6 4.783411
0.5918367 0.08163265 6 4.207434
0.5918367 0.1020408 6 3.533783
0.5918367 0.122449 6 2.806523
0.5918367 0.1428571 6 2.073224
0.5918367 0.1632653 6 1.381852
0.5918367 0.1836735 6 0.7776281
0.5918367 0.2040816 6 0.3000762
0.5918367 0.2244898 6 -0.01956728
0.5918367 0.244898 6 -0.1603944
0.5918367 0.2653061 6 -0.1131937
0.5918367 0.2857143 6 0.1189475
0.5918367 0.3061224 6 0.5208447
0.5918367 0.3265306 6 1.06621
0.5918367 0.3469388 6 1.71937
0.5918367 0.3673469 6 2.437603
0.5918367 0.3877551 6 3.173927
0.5918367 0.4081633 6 3.880181
0.5918367 0.4285714 6 4.510167
0.5918367 0.4489796 6 5.022679
0.5918367 0.4693878 6 5.384192
0.5918367 0.4897959 6 5.57106
0.5918367 0.5102041 6 5.57106
0.5918367 0.5306122 6 5.384192
0.5918367 0.5510204 6 5.022679
0.5918367 0.5714286 6 4.510167
0.5918367 0.5918367 6 3.880181
0.5918367 0.6122449 6 3.173927
0.5918367 0.6326531 6 2.437603
0.5918367 0.6530612 6 1.71937
0.5918367 0.6734694 6 1.06621
0.5918367 0.6938776 6 0.5208447
0.5918367 0.7142857 6 0.1189475
0.5918367 0.7346939 6 -0.1131937
0.5918367 0.755102 6 -0.1603944
0.5918367 0.7755102 6 -0.01956728
0.5918367 0.7959184 6 0.3000762
0.5918367 0.8163265 6 0.7776281
0.5918367 0.8367347 6 1.381852
0.5918367 0.8571429 6 2.073224
0.5918367 0.877551 6 2.806523
0.5918367 0.8979592 6 3.533783
0.5918367 0.9183673 6 4.207434
0.5918367 0.9387755 6 4.783411
0.5918367 0.9591837 6 5.224041
0.5918367 0.9795918 6 5.500501
0.5918367 1 6 5.594709
0.6122449 0 6 5.526201
0.6122449 0.02040816 6 5.431993
0.6122449 0.04081633 6 5.155533
0.6122449 0.06122449 6 4.714903
0.6122449 0.08163265 6 4.138925
0.6122449 0.1020408 6 3.465275
0.6122449 0.122449 6 2.738015
0.6122449 0.1428571 6 2.004716
0.6122449 0.1632653 6 1.313343
0.6122449 0.1836735 6 0.70912
0.6122449 0.2040816 6 0.2315682
0.6122449 0.2244898 6 -0.08807534
0.6122449 0.244898 6 -0.2289025
0.6122449 0.2653061 6 -0.1817018
0.6122449 0.2857143 6 0.05043944
0.6122449 0.3061224 6 0.4523367
0.6122449 0.3265306 6 0.9977018
0.6122449 0.3469388 6 1.650862
0.6122449 0.3673469 6 2.369095
0.6122449 0.3877551 6 3.105419
0.6122449 0.4081633 6 3.811673
0.6122449 0.4285714 6 4.441659
0.6122449 0.4489796 6 4.954171
0.6122449 0.4693878 6 5.315684
0.6122449 0.4897959 6 5.502552
0.6122449 0.5102041 6 5.502552
0.6122449 0.5306122 6 5.315684
0.6122449 0.5510204 6 4.954171
0.6122449 0.5714286 6 4.441659
0.6122449 0.5918367 6 3.811673
0.6122449 0.6122449 6 3.105419
0.6122449 0.6326531 6 2.369095
0.6122449 0.6530612 6 1.650862
0.6122449 0.6734694 6 0.9977018
0.6122449 0.6938776 6 0.4523367
0.6122449 0.7142857 6 0.05043944
0.6122449 0.7346939 6 -0.1817018
0.6122449 0.755102 6 -0.2289025
0.6122449 0.7755102 6 -0.08807534
0.6122449 0.7959184 6 0.2315682
0.6122449 0.8163265 6 0.70912
0.6122449 0.8367347 6 1.313343
0.6122449 0.8571429 6 2.004716
0.6122449 0.877551 6 2.738015
0.6122449 0.8979592 6 3.465275
0.6122449 0.9183673 6 4.138925
0.6122449 0.9387755 6 4.714903
0.6122449 0.9591837 6 5.155533
0.6122449 0.9795918 6 5.431993
0.6122449 1 6 5.526201
0.6326531 0 6 5.454776
0.6326531 0.02040816 6 5.360568
0.6326531 0.04081633 6 5.084108
0.6326531 0.06122449 6 4.643478
0.6326531 0.08163265 6 4.0675
0.6326531 0.1020408 6 3.39385
0.6326531 0.122449 6 2.66659
0.6326531 0.1428571 6 1.933291
0.6326531 0.1632653 6 1.241918
0.6326531 0.1836735 6 0.637695
0.6326531 0.2040816 6 0.1601432
0.6326531 0.2244898 6 -0.1595003
0.6326531 0.244898 6 -0.3003275
0.6326531 0.2653061 6 -0.2531268
0.6326531 0.2857143 6 -0.02098557
0.6326531 0.3061224 6 0.3809117
0.6326531 0.3265306 6 0.9262768
0.6326531 0.3469388 6 1.579437
0.6326531 0.3673469 6 2.29767
0.6326531 0.3877551 6 3.033994
0.6326531 0.4081633 6 3.740248
0.6326531 0.4285714 6 4.370234
0.6326531 0.4489796 6 4.882746
0.6326531 0.4693878 6 5.244259
0.6326531 0.4897959 6 5.431127
0.6326531 0.5102041 6 5.431127
0.6326531 0.5306122 6 5.244259
0.6326531 0.5510204 6 4.882746
0.6326531 0.5714286 6 4.370234
0.6326531 0.5918367 6 3.740248
0.6326531 0.6122449 6 3.033994
0.6326531 0.6326531 6 2.29767
0.6326531 0.6530612 6 1.579437
0.6326531 0.6734694 6 0.9262768
0.6326531 0.6938776 6 0.3809117
0.6326531 0.7142857 6 -0.02098557
0.6326531 0.7346939 6 -0.2531268
0.6326531 0.755102 6 -0.3003275
0.6326531 0.7755102 6 -0.1595003
0.6326531 0.7959184 6 0.1601432
0.6326531 0.8163265 6 0.637695
0.6326531 0.8367347 6 1.241918
0.6326531 0.8571429 6 1.933291
0.6326531 0.877551 6 2.66659
0.6326531 0.8979592 6 3.39385
0.6326531 0.9183673 6 4.0675
0.6326531 0.9387755 6 4.643478
0.6326531 0.9591837 6 5.084108
0.6326531 0.9795918 6 5.360568
0.6326531 1 6 5.454776
0.6530612 0 6 5.385106
0.6530612 0.02040816 6 5.290898
0.6530612 0.04081633 6 5.014438
0.6530612 0.06122449 6 4.573808
0.6530612 0.08163265 6 3.99783
0.6530612 0.1020408 6 3.32418
0.6530612 0.122449 6 2.59692
0.6530612 0.1428571 6 1.863621
0.6530612 0.1632653 6 1.172248
0.6530612 0.1836735 6 0.568025
0.6530612 0.2040816 6 0.09047313
0.6530612 0.2244898 6 -0.2291704
0.6530612 0.244898 6 -0.3699975
0.6530612 0.2653061 6 -0.3227968
0.6530612 0.2857143 6 -0.0906556
0.6530612 0.3061224 6 0.3112417
0.6530612 0.3265306 6 0.8566068
0.6530612 0.3469388 6 1.509767
0.6530612 0.3673469 6 2.228
0.6530612 0.3877551 6 2.964324
0.6530612 0.4081633 6 3.670578
0.6530612 0.4285714 6 4.300564
0.6530612 0.4489796 6 4.813076
0.6530612 0.4693878 6 5.174589
0.6530612 0.4897959 6 5.361457
0.6530612 0.5102041 6 5.361457
0.6530612 0.5306122 6 5.174589
0.6530612 0.5510204 6 4.813076
0.6530612 0.5714286 6 4.300564
0.6530612 0.5918367 6 3.670578
0.6530612 0.6122449 6 2.964324
0.6530612 0.6326531 6 2.228
0.6530612 0.6530612 6 1.509767
0.6530612 0.6734694 6 0.8566068
0.6530612 0.6938776 6 0.3112417
0.6530612 0.7142857 6 -0.0906556
0.6530612 0.7346939 6 -0.3227968
0.6530612 0.755102 6 -0.3699975
0.6530612 0.7755102 6 -0.2291704
0.6530612 0.7959184 6 0.09047313
0.6530612 0.8163265 6 0.568025
0.6530612 0.8367347 6 1.172248
0.6530612 0.8571429 6 1.863621
0.6530612 0.877551 6 2.59692
0.6530612 0.8979592 6 3.32418
0.6530612 0.9183673 6 3.99783
0.6530612 0.9387755 6 4.573808
0.6530612 0.9591837 6 5.014438
0.6530612 0.9795918 6 5.290898
0.6530612 1 6 5.385106
0.6734694 0 6 5.321748
0.6734694 0.02040816 6 5.22754
0.6734694 0.04081633 6 4.95108
0.6734694 0.06122449 6 4.51045
0.6734694 0.08163265 6 3.934473
0.6734694 0.1020408 6 3.260822
0.6734694 0.122449 6 2.533562
0.6734694 0.1428571 6 1.800263
0.6734694 0.1632653 6 1.108891
0.6734694 0.1836735 6 0.5046671
0.6734694 0.2040816 6 0.02711521
0.6734694 0.2244898 6 -0.2925283
0.6734694 0.244898 6 -0.4333554
0.6734694 0.2653061 6 -0.3861547
0.6734694 0.2857143 6 -0.1540135
0.6734694 0.3061224 6 0.2478837
0.6734694 0.3265306 6 0.7932488
0.6734694 0.3469388 6 1.446409
0.6734694 0.3673469 6 2.164642
0.6734694 0.3877551 6 2.900966
0.6734694 0.4081633 6 3.60722
0.6734694 0.4285714 6 4.237206
0.6734694 0.4489796 6 4.749718
0.6734694 0.4693878 6 5.111231
0.6734694 0.4897959 6 5.298099
0.6734694 0.5102041 6 5.298099
0.6734694 0.5306122 6 5.111231
0.6734694 0.5510204 6 4.749718
0.6734694 0.5714286 6 4.237206
0.6734694 0.5918367 6 3.60722
0.6734694 0.6122449 6 2.900966
0.6734694 0.6326531 6 2.164642
0.6734694 0.6530612 6 1.446409
0.6734694 0.6734694 6 0.7932488
0.6734694 0.6938776 6 0.2478837
0.6734694 0.7142857 6 -0.1540135
0.6734694 0.7346939 6 -0.3861547
0.6734694 0.755102 6 -0.4333554
0.6734694 0.7755102 6 -0.2925283
0.6734694 0.7959184 6 0.02711521
0.6734694 0.8163265 6 0.5046671
0.6734694 0.8367347 6 1.108891
0.6734694 0.8571429 6 1.800263
0.6734694 0.877551 6 2.533562
0.6734694 0.8979592 6 3.260822
0.6734694 0.9183673 6 3.934473
0.6734694 0.9387755 6 4.51045
0.6734694 0.9591837 6 4.95108
0.6734694 0.9795918 6 5.22754
0.6734694 1 6 5.321748
0.6938776 0 6 5.268846
0.6938776 0.02040816 6 5.174639
0.6938776 0.04081633 6 4.898179
0.6938776 0.06122449 6 4.457549
0.6938776 0.08163265 6 3.881571
0.6938776 0.1020408 6 3.20792
0.6938776 0.122449 6 2.48066
0.6938776 0.1428571 6 1.747362
0.6938776 0.1632653 6 1.055989
0.6938776 0.1836735 6 0.4517655
0.6938776 0.2040816 6 -0.02578633
0.6938776 0.2244898 6 -0.3454298
0.6938776 0.244898 6 -0.486257
0.6938776 0.2653061 6 -0.4390563
0.6938776 0.2857143 6 -0.206915
0.6938776 0.3061224 6 0.1949822
0.6938776 0.3265306 6 0.7403473
0.6938776 0.3469388 6 1.393508
0.6938776 0.3673469 6 2.11174
0.6938776 0.3877551 6 2.848065
0.6938776 0.4081633 6 3.554318
0.6938776 0.4285714 6 4.184305
0.6938776 0.4489796 6 4.696816
0.6938776 0.4693878 6 5.058329
0.6938776 0.4897959 6 5.245197
0.6938776 0.5102041 6 5.245197
0.6938776 0.5306122 6 5.058329
0.6938776 0.5510204 6 4.696816
0.6938776 0.5714286 6 4.184305
0.6938776 0.5918367 6 3.554318
0.6938776 0.6122449 6 2.848065
0.6938776 0.6326531 6 2.11174
0.6938776 0.6530612 6 1.393508
0.6938776 0.6734694 6 0.7403473
0.6938776 0.6938776 6 0.1949822
0.6938776 0.7142857 6 -0.206915
0.6938776 0.7346939 6 -0.4390563
0.6938776 0.755102 6 -0.486257
0.6938776 0.7755102 6 -0.3454298
0.6938776 0.7959184 6 -0.02578633
0.6938776 0.8163265 6 0.4517655
0.6938776 0.8367347 6 1.055989
0.6938776 0.8571429 6 1.747362
0.6938776 0.877551 6 2.48066
0.6938776 0.8979592 6 3.20792
0.6938776 0.9183673 6 3.881571
0.6938776 0.9387755 6 4.457549
0.6938776 0.9591837 6 4.898179
0.6938776 0.9795918 6 5.174639
0.6938776 1 6 5.268846
0.7142857 0 6 5.229862
0.7142857 0.02040816 6 5.135654
0.7142857 0.04081633 6 4.859194
0.7142857 0.06122449 6 4.418564
0.7142857 0.08163265 6 3.842586
0.7142857 0.1020408 6 3.168935
0.7142857 0.122449 6 2.441676
0.7142857 0.1428571 6 1.708377
0.7142857 0.1632653 6 1.017004
0.7142857 0.1836735 6 0.4127807
0.7142857 0.2040816 6 -0.06477119
0.7142857 0.2244898 6 -0.3844147
0.7142857 0.244898 6 -0.5252418
0.7142857 0.2653061 6 -0.4780411
0.7142857 0.2857143 6 -0.2458999
0.7142857 0.3061224 6 0.1559973
0.7142857 0.3265306 6 0.7013624
0.7142857 0.3469388 6 1.354523
0.7142857 0.3673469 6 2.072755
0.7142857 0.3877551 6 2.80908
0.7142857 0.4081633 6 3.515334
0.7142857 0.4285714 6 4.14532
0.7142857 0.4489796 6 4.657831
0.7142857 0.4693878 6 5.019344
0.7142857 0.4897959 6 5.206213
0.7142857 0.5102041 6 5.206213
0.7142857 0.5306122 6 5.019344
0.7142857 0.5510204 6 4.657831
0.7142857 0.5714286 6 4.14532
0.7142857 0.5918367 6 3.515334
0.7142857 0.6122449 6 2.80908
0.7142857 0.6326531 6 2.072755
0.7142857 0.6530612 6 1.354523
0.7142857 0.6734694 6 0.7013624
0.7142857 0.6938776 6 0.1559973
0.7142857 0.7142857 6 -0.2458999
0.7142857 0.7346939 6 -0.4780411
0.7142857 0.755102 6 -0.5252418
0.7142857 0.7755102 6 -0.3844147
0.7142857 0.7959184 6 -0.06477119
0.7142857 0.8163265 6 0.4127807
0.7142857 0.8367347 6 1.017004
0.7142857 0.8571429 6 1.708377
0.7142857 0.877551 6 2.441676
0.7142857 0.8979592 6 3.168935
0.7142857 0.9183673 6 3.842586
0.7142857 0.9387755 6 4.418564
0.7142857 0.9591837 6 4.859194
0.7142857 0.9795918 6 5.135654
0.7142857 1 6 5.229862
0.7346939 0 6 5.207343
0.7346939 0.02040816 6 5.113136
0.7346939 0.04081633 6 4.836676
0.7346939 0.06122449 6 4.396046
0.7346939 0.08163265 6 3.820068
0.7346939 0.1020408 6 3.146417
0.7346939 0.122449 6 2.419157
0.7346939 0.1428571 6 1.685859
0.7346939 0.1632653 6 0.994486
0.7346939 0.1836735 6 0.3902625
0.7346939 0.2040816 6 -0.08728937
0.7346939 0.2244898 6 -0.4069329
0.7346939 0.244898 6 -0.54776
0.7346939 0.2653061 6 -0.5005593
0.7346939 0.2857143 6 -0.2684181
0.7346939 0.3061224 6 0.1334792
0.7346939 0.3265306 6 0.6788443
0.7346939 0.3469388 6 1.332005
0.7346939 0.3673469 6 2.050237
0.7346939 0.3877551 6 2.786562
0.7346939 0.4081633 6 3.492815
0.7346939 0.4285714 6 4.122802
0.7346939 0.4489796 6 4.635313
0.7346939 0.4693878 6 4.996826
0.7346939 0.4897959 6 5.183694
0.7346939 0.5102041 6 5.183694
0.7346939 0.5306122 6 4.996826
0.7346939 0.5510204 6 4.635313
0.7346939 0.5714286 6 4.122802
0.7346939 0.5918367 6 3.492815
0.7346939 0.6122449 6 2.786562
0.7346939 0.6326531 6 2.050237
0.7346939 0.6530612 6 1.332005
0.7346939 0.6734694 6 0.6788443
0.7346939 0.6938776 6 0.1334792
0.7346939 0.7142857 6 -0.2684181
0.7346939 0.7346939 6 -0.5005593
0.7346939 0.755102 6 -0.54776
0.7346939 0.7755102 6 -0.4069329
0.7346939 0.7959184 6 -0.08728937
0.7346939 0.8163265 6 0.3902625
0.7346939 0.8367347 6 0.994486
0.7346939 0.8571429 6 1.685859
0.7346939 0.877551 6 2.419157
0.7346939 0.8979592 6 3.146417
0.7346939 0.9183673 6 3.820068
0.7346939 0.9387755 6 4.396046
0.7346939 0.9591837 6 4.836676
0.7346939 0.9795918 6 5.113136
0.7346939 1 6 5.207343
0.755102 0 6 5.202765
0.755102 0.02040816 6 5.108557
0.755102 0.04081633 6 4.832097
0.755102 0.06122449 6 4.391467
0.755102 0.08163265 6 3.815489
0.755102 0.1020408 6 3.141839
0.755102 0.122449 6 2.414579
0.755102 0.1428571 6 1.68128
0.755102 0.1632653 6 0.9899074
0.755102 0.1836735 6 0.3856839
0.755102 0.2040816 6 -0.09186794
0.755102 0.2244898 6 -0.4115114
0.755102 0.244898 6 -0.5523386
0.755102 0.2653061 6 -0.5051379
0.755102 0.2857143 6 -0.2729967
0.755102 0.3061224 6 0.1289006
0.755102 0.3265306 6 0.6742657
0.755102 0.3469388 6 1.327426
0.755102 0.3673469 6 2.045659
0.755102 0.3877551 6 2.781983
0.755102 0.4081633 6 3.488237
0.755102 0.4285714 6 4.118223
0.755102 0.4489796 6 4.630735
0.755102 0.4693878 6 4.992248
0.755102 0.4897959 6 5.179116
0.755102 0.5102041 6 5.179116
0.755102 0.5306122 6 4.992248
0.755102 0.5510204 6 4.630735
0.755102 0.5714286 6 4.118223
0.755102 0.5918367 6 3.488237
0.755102 0.6122449 6 2.781983
0.755102 0.6326531 6 2.045659
0.755102 0.6530612 6 1.327426
0.755102 0.6734694 6 0.6742657
0.755102 0.6938776 6 0.1289006
0.755102 0.7142857 6 -0.2729967
0.755102 0.7346939 6 -0.5051379
0.755102 0.755102 6 -0.5523386
0.755102 0.7755102 6 -0.4115114
0.755102 0.7959184 6 -0.09186794
0.755102 0.8163265 6 0.3856839
0.755102 0.8367347 6 0.9899074
0.755102 0.8571429 6 1.68128
0.755102 0.877551 6 2.414579
0.755102 0.8979592 6 3.141839
0.755102 0.9183673 6 3.815489
0.755102 0.9387755 6 4.391467
0.755102 0.9591837 6 4.832097
0.755102 0.9795918 6 5.108557
0.755102 1 6 5.202765
0.7755102 0 6 5.216425
0.7755102 0.02040816 6 5.122218
0.7755102 0.04081633 6 4.845757
0.7755102 0.06122449 6 4.405128
0.7755102 0.08163265 6 3.82915
0.7755102 0.1020408 6 3.155499
0.7755102 0.122449 6 2.428239
0.7755102 0.1428571 6 1.694941
0.7755102 0.1632653 6 1.003568
0.7755102 0.1836735 6 0.3993445
0.7755102 0.2040816 6 -0.07820741
0.7755102 0.2244898 6 -0.3978509
0.7755102 0.244898 6 -0.5386781
0.7755102 0.2653061 6 -0.4914773
0.7755102 0.2857143 6 -0.2593361
0.7755102 0.3061224 6 0.1425611
0.7755102 0.3265306 6 0.6879262
0.7755102 0.3469388 6 1.341087
0.7755102 0.3673469 6 2.059319
0.7755102 0.3877551 6 2.795644
0.7755102 0.4081633 6 3.501897
0.7755102 0.4285714 6 4.131884
0.7755102 0.4489796 6 4.644395
0.7755102 0.4693878 6 5.005908
0.7755102 0.4897959 6 5.192776
0.7755102 0.5102041 6 5.192776
0.7755102 0.5306122 6 5.005908
0.7755102 0.5510204 6 4.644395
0.7755102 0.5714286 6 4.131884
0.7755102 0.5918367 6 3.501897
0.7755102 0.6122449 6 2.795644
0.7755102 0.6326531 6 2.059319
0.7755102 0.6530612 6 1.341087
0.7755102 0.6734694 6 0.6879262
0.7755102 0.6938776 6 0.1425611
0.7755102 0.7142857 6 -0.2593361
0.7755102 0.7346939 6 -0.4914773
0.7755102 0.755102 6 -0.5386781
0.7755102 0.7755102 6 -0.3978509
0.7755102 0.7959184 6 -0.07820741
0.7755102 0.8163265 6 0.3993445
0.7755102 0.8367347 6 1.003568
0.7755102 0.8571429 6 1.694941
0.7755102 0.877551 6 2.428239
0.7755102 0.8979592 6 3.155499
0.7755102 0.9183673 6 3.82915
0.7755102 0.9387755 6 4.405128
0.7755102 0.9591837 6 4.845757
0.7755102 0.9795918 6 5.122218
0.7755102 1 6 5.216425
0.7959184 0 6 5.247431
0.7959184 0.02040816 6 5.153224
0.7959184 0.04081633 6 4.876764
0.7959184 0.06122449 6 4.436134
0.7959184 0.08163265 6 3.860156
0.7959184 0.1020408 6 3.186505
0.7959184 0.122449 6 2.459245
0.7959184 0.1428571 6 1.725947
0.7959184 0.1632653 6 1.034574
0.7959184 0.1836735 6 0.4303505
0.7959184 0.2040816 6 -0.04720133
0.7959184 0.2244898 6 -0.3668448
0.7959184 0.244898 6 -0.507672
0.7959184 0.2653061 6 -0.4604713
0.7959184 0.2857143 6 -0.2283301
0.7959184 0.3061224 6 0.1735672
0.7959184 0.3265306 6 0.7189323
0.7959184 0.3469388 6 1.372093
0.7959184 0.3673469 6 2.090325
0.7959184 0.3877551 6 2.82665
0.7959184 0.4081633 6 3.532903
0.7959184 0.4285714 6 4.16289
0.7959184 0.4489796 6 4.675401
0.7959184 0.4693878 6 5.036914
0.7959184 0.4897959 6 5.223782
0.7959184 0.5102041 6 5.223782
0.7959184 0.5306122 6 5.036914
0.7959184 0.5510204 6 4.675401
0.7959184 0.5714286 6 4.16289
0.7959184 0.5918367 6 3.532903
0.7959184 0.6122449 6 2.82665
0.7959184 0.6326531 6 2.090325
0.7959184 0.6530612 6 1.372093
0.7959184 0.6734694 6 0.7189323
0.7959184 0.6938776 6 0.1735672
0.7959184 0.7142857 6 -0.2283301
0.7959184 0.7346939 6 -0.4604713
0.7959184 0.755102 6 -0.507672
0.7959184 0.7755102 6 -0.3668448
0.7959184 0.7959184 6 -0.04720133
0.7959184 0.8163265 6 0.4303505
0.7959184 0.8367347 6 1.034574
0.7959184 0.8571429 6 1.725947
0.7959184 0.877551 6 2.459245
0.7959184 0.8979592 6 3.186505
0.7959184 0.9183673 6 3.860156
0.7959184 0.9387755 6 4.436134
0.7959184 0.9591837 6 4.876764
0.7959184 0.9795918 6 5.153224
0.7959184 1 6 5.247431
0.8163265 0 6 5.293755
0.8163265 0.02040816 6 5.199547
0.8163265 0.04081633 6 4.923087
0.8163265 0.06122449 6 4.482457
0.8163265 0.08163265 6 3.906479
0.8163265 0.1020408 6 3.232829
0.8163265 0.122449 6 2.505569
0.8163265 0.1428571 6 1.77227
0.8163265 0.1632653 6 1.080898
0.8163265 0.1836735 6 0.4766741
0.8163265 0.2040816 6 -0.0008778142
0.8163265 0.2244898 6 -0.3205213
0.8163265 0.244898 6 -0.4613485
0.8163265 0.2653061 6 -0.4141477
0.8163265 0.2857143 6 -0.1820065
0.8163265 0.3061224 6 0.2198907
0.8163265 0.3265306 6 0.7652558
0.8163265 0.3469388 6 1.418416
0.8163265 0.3673469 6 2.136649
0.8163265 0.3877551 6 2.872973
0.8163265 0.4081633 6 3.579227
0.8163265 0.4285714 6 4.209213
0.8163265 0.4489796 6 4.721725
0.8163265 0.4693878 6 5.083238
0.8163265 0.4897959 6 5.270106
0.8163265 0.5102041 6 5.270106
0.8163265 0.5306122 6 5.083238
0.8163265 0.5510204 6 4.721725
0.8163265 0.5714286 6 4.209213
0.8163265 0.5918367 6 3.579227
0.8163265 0.6122449 6 2.872973
0.8163265 0.6326531 6 2.136649
0.8163265 0.6530612 6 1.418416
0.8163265 0.6734694 6 0.7652558
0.8163265 0.6938776 6 0.2198907
0.8163265 0.7142857 6 -0.1820065
0.8163265 0.7346939 6 -0.4141477
0.8163265 0.755102 6 -0.4613485
0.8163265 0.7755102 6 -0.3205213
0.8163265 0.7959184 6 -0.0008778142
0.8163265 0.8163265 6 0.4766741
0.8163265 0.8367347 6 1.080898
0.8163265 0.8571429 6 1.77227
0.8163265 0.877551 6 2.505569
0.8163265 0.8979592 6 3.232829
0.8163265 0.9183673 6 3.906479
0.8163265 0.9387755 6 4.482457
0.8163265 0.9591837 6 4.923087
0.8163265 0.9795918 6 5.199547
0.8163265 1 6 5.293755
0.8367347 0 6 5.352366
0.8367347 0.02040816 6 5.258158
0.8367347 0.04081633 6 4.981698
0.8367347 0.06122449 6 4.541068
0.8367347 0.08163265 6 3.96509
0.8367347 0.1020408 6 3.29144
0.8367347 0.122449 6 2.56418
0.8367347 0.1428571 6 1.830881
0.8367347 0.1632653 6 1.139508
0.8367347 0.1836735 6 0.535285
0.8367347 0.2040816 6 0.05773311
0.8367347 0.2244898 6 -0.2619104
0.8367347 0.244898 6 -0.4027375
0.8367347 0.2653061 6 -0.3555368
0.8367347 0.2857143 6 -0.1233956
0.8367347 0.3061224 6 0.2785016
0.8367347 0.3265306 6 0.8238667
0.8367347 0.3469388 6 1.477027
0.8367347 0.3673469 6 2.19526
0.8367347 0.3877551 6 2.931584
0.8367347 0.4081633 6 3.637838
0.8367347 0.4285714 6 4.267824
0.8367347 0.4489796 6 4.780336
0.8367347 0.4693878 6 5.141849
0.8367347 0.4897959 6 5.328717
0.8367347 0.5102041 6 5.328717
0.8367347 0.5306122 6 5.141849
0.8367347 0.5510204 6 4.780336
0.8367347 0.5714286 6 4.267824
0.8367347 0.5918367 6 3.637838
0.8367347 0.6122449 6 2.931584
0.8367347 0.6326531 6 2.19526
0.8367347 0.6530612 6 1.477027
0.8367347 0.6734694 6 0.8238667
0.8367347 0.6938776 6 0.2785016
0.8367347 0.7142857 6 -0.1233956
0.8367347 0.7346939 6 -0.3555368
0.8367347 0.755102 6 -0.4027375
0.8367347 0.7755102 6 -0.2619104
0.8367347 0.7959184 6 0.05773311
0.8367347 0.8163265 6 0.535285
0.8367347 0.8367347 6 1.139508
0.8367347 0.8571429 6 1.830881
0.8367347 0.877551 6 2.56418
0.8367347 0.8979592 6 3.29144
0.8367347 0.9183673 6 3.96509
0.8367347 0.9387755 6 4.541068
0.8367347 0.9591837 6 4.981698
0.8367347 0.9795918 6 5.258158
0.8367347 1 6 5.352366
0.8571429 0 6 5.41943
0.8571429 0.02040816 6 5.325223
0.8571429 0.04081633 6 5.048763
0.8571429 0.06122449 6 4.608133
0.8571429 0.08163265 6 4.032155
0.8571429 0.1020408 6 3.358504
0.8571429 0.122449 6 2.631244
0.8571429 0.1428571 6 1.897946
0.8571429 0.1632653 6 1.206573
0.8571429 0.1836735 6 0.6023495
0.8571429 0.2040816 6 0.1247977
0.8571429 0.2244898 6 -0.1948458
0.8571429 0.244898 6 -0.335673
0.8571429 0.2653061 6 -0.2884722
0.8571429 0.2857143 6 -0.05633104
0.8571429 0.3061224 6 0.3455662
0.8571429 0.3265306 6 0.8909313
0.8571429 0.3469388 6 1.544092
0.8571429 0.3673469 6 2.262324
0.8571429 0.3877551 6 2.998649
0.8571429 0.4081633 6 3.704902
0.8571429 0.4285714 6 4.334889
0.8571429 0.4489796 6 4.8474
0.8571429 0.4693878 6 5.208913
0.8571429 0.4897959 6 5.395781
0.8571429 0.5102041 6 5.395781
0.8571429 0.5306122 6 5.208913
0.8571429 0.5510204 6 4.8474
0.8571429 0.5714286 6 4.334889
0.8571429 0.5918367 6 3.704902
0.8571429 0.6122449 6 2.998649
0.8571429 0.6326531 6 2.262324
0.8571429 0.6530612 6 1.544092
0.8571429 0.6734694 6 0.8909313
0.8571429 0.6938776 6 0.3455662
0.8571429 0.7142857 6 -0.05633104
0.8571429 0.7346939 6 -0.2884722
0.8571429 0.755102 6 -0.335673
0.8571429 0.7755102 6 -0.1948458
0.8571429 0.7959184 6 0.1247977
0.8571429 0.8163265 6 0.6023495
0.8571429 0.8367347 6 1.206573
0.8571429 0.8571429 6 1.897946
0.8571429 0.877551 6 2.631244
0.8571429 0.8979592 6 3.358504
0.8571429 0.9183673 6 4.032155
0.8571429 0.9387755 6 4.608133
0.8571429 0.9591837 6 5.048763
0.8571429 0.9795918 6 5.325223
0.8571429 1 6 5.41943
0.877551 0 6 5.490562
0.877551 0.02040816 6 5.396354
0.877551 0.04081633 6 5.119894
0.877551 0.06122449 6 4.679264
0.877551 0.08163265 6 4.103286
0.877551 0.1020408 6 3.429636
0.877551 0.122449 6 2.702376
0.877551 0.1428571 6 1.969077
0.877551 0.1632653 6 1.277705
0.877551 0.1836735 6 0.6734811
0.877551 0.2040816 6 0.1959292
0.877551 0.2244898 6 -0.1237143
0.877551 0.244898 6 -0.2645415
0.877551 0.2653061 6 -0.2173407
0.877551 0.2857143 6 0.01480046
0.877551 0.3061224 6 0.4166977
0.877551 0.3265306 6 0.9620628
0.877551 0.3469388 6 1.615223
0.877551 0.3673469 6 2.333456
0.877551 0.3877551 6 3.06978
0.877551 0.4081633 6 3.776034
0.877551 0.4285714 6 4.40602
0.877551 0.4489796 6 4.918532
0.877551 0.4693878 6 5.280045
0.877551 0.4897959 6 5.466913
0.877551 0.5102041 6 5.466913
0.877551 0.5306122 6 5.280045
0.877551 0.5510204 6 4.918532
0.877551 0.5714286 6 4.40602
0.877551 0.5918367 6 3.776034
0.877551 0.6122449 6 3.06978
0.877551 0.6326531 6 2.333456
0.877551 0.6530612 6 1.615223
0.877551 0.6734694 6 0.9620628
0.877551 0.6938776 6 0.4166977
0.877551 0.7142857 6 0.01480046
0.877551 0.7346939 6 -0.2173407
0.877551 0.755102 6 -0.2645415
0.877551 0.7755102 6 -0.1237143
0.877551 0.7959184 6 0.1959292
0.877551 0.8163265 6 0.6734811
0.877551 0.8367347 6 1.277705
0.877551 0.8571429 6 1.969077
0.877551 0.877551 6 2.702376
0.877551 0.8979592 6 3.429636
0.877551 0.9183673 6 4.103286
0.877551 0.9387755 6 4.679264
0.877551 0.9591837 6 5.119894
0.877551 0.9795918 6 5.396354
0.877551 1 6 5.490562
0.8979592 0 6 5.561108
0.8979592 0.02040816 6 5.4669
0.8979592 0.04081633 6 5.19044
0.8979592 0.06122449 6 4.74981
0.8979592 0.08163265 6 4.173832
0.8979592 0.1020408 6 3.500182
0.8979592 0.122449 6 2.772922
0.8979592 0.1428571 6 2.039623
0.8979592 0.1632653 6 1.34825
0.8979592 0.1836735 6 0.7440268
0.8979592 0.2040816 6 0.2664749
0.8979592 0.2244898 6 -0.05316861
0.8979592 0.244898 6 -0.1939958
0.8979592 0.2653061 6 -0.146795
0.8979592 0.2857143 6 0.08534617
0.8979592 0.3061224 6 0.4872434
0.8979592 0.3265306 6 1.032609
0.8979592 0.3469388 6 1.685769
0.8979592 0.3673469 6 2.404001
0.8979592 0.3877551 6 3.140326
0.8979592 0.4081633 6 3.84658
0.8979592 0.4285714 6 4.476566
0.8979592 0.4489796 6 4.989077
0.8979592 0.4693878 6 5.350591
0.8979592 0.4897959 6 5.537459
0.8979592 0.5102041 6 5.537459
0.8979592 0.5306122 6 5.350591
0.8979592 0.5510204 6 4.989077
0.8979592 0.5714286 6 4.476566
0.8979592 0.5918367 6 3.84658
0.8979592 0.6122449 6 3.140326
0.8979592 0.6326531 6 2.404001
0.8979592 0.6530612 6 1.685769
0.8979592 0.6734694 6 1.032609
0.8979592 0.6938776 6 0.4872434
0.8979592 0.7142857 6 0.08534617
0.8979592 0.7346939 6 -0.146795
0.8979592 0.755102 6 -0.1939958
0.8979592 0.7755102 6 -0.05316861
0.8979592 0.7959184 6 0.2664749
0.8979592 0.8163265 6 0.7440268
0.8979592 0.8367347 6 1.34825
0.8979592 0.8571429 6 2.039623
0.8979592 0.877551 6 2.772922
0.8979592 0.8979592 6 3.500182
0.8979592 0.9183673 6 4.173832
0.8979592 0.9387755 6 4.74981
0.8979592 0.9591837 6 5.19044
0.8979592 0.9795918 6 5.4669
0.8979592 1 6 5.561108
0.9183673 0 6 5.626453
0.9183673 0.02040816 6 5.532246
0.9183673 0.04081633 6 5.255785
0.9183673 0.06122449 6 4.815155
0.9183673 0.08163265 6 4.239178
0.9183673 0.1020408 6 3.565527
0.9183673 0.122449 6 2.838267
0.9183673 0.1428571 6 2.104968
0.9183673 0.1632653 6 1.413596
0.9183673 0.1836735 6 0.8093723
0.9183673 0.2040816 6 0.3318204
0.9183673 0.2244898 6 0.01217689
0.9183673 0.244898 6 -0.1286503
0.9183673 0.2653061 6 -0.08144953
0.9183673 0.2857143 6 0.1506917
0.9183673 0.3061224 6 0.5525889
0.9183673 0.3265306 6 1.097954
0.9183673 0.3469388 6 1.751114
0.9183673 0.3673469 6 2.469347
0.9183673 0.3877551 6 3.205672
0.9183673 0.4081633 6 3.911925
0.9183673 0.4285714 6 4.541911
0.9183673 0.4489796 6 5.054423
0.9183673 0.4693878 6 5.415936
0.9183673 0.4897959 6 5.602804
0.9183673 0.5102041 6 5.602804
0.9183673 0.5306122 6 5.415936
0.9183673 0.5510204 6 5.054423
0.9183673 0.5714286 6 4.541911
0.9183673 0.5918367 6 3.911925
0.9183673 0.6122449 6 3.205672
0.9183673 0.6326531 6 2.469347
0.9183673 0.6530612 6 1.751114
0.9183673 0.6734694 6 1.097954
0.9183673 0.6938776 6 0.5525889
0.9183673 0.7142857 6 0.1506917
0.9183673 0.7346939 6 -0.08144953
0.9183673 0.755102 6 -0.1286503
0.9183673 0.7755102 6 0.01217689
0.9183673 0.7959184 6 0.3318204
0.9183673 0.8163265 6 0.8093723
0.9183673 0.8367347 6 1.413596
0.9183673 0.8571429 6 2.104968
0.9183673 0.877551 6 2.838267
0.9183673 0.8979592 6 3.565527
0.9183673 0.9183673 6 4.239178
0.9183673 0.9387755 6 4.815155
0.9183673 0.9591837 6 5.255785
0.9183673 0.9795918 6 5.532246
0.9183673 1 6 5.626453
0.9387755 0 6 5.682324
0.9387755 0.02040816 6 5.588117
0.9387755 0.04081633 6 5.311656
0.9387755 0.06122449 6 4.871026
0.9387755 0.08163265 6 4.295049
0.9387755 0.1020408 6 3.621398
0.9387755 0.122449 6 2.894138
0.9387755 0.1428571 6 2.160839
0.9387755 0.1632653 6 1.469467
0.9387755 0.1836735 6 0.8652433
0.9387755 0.2040816 6 0.3876914
0.9387755 0.2244898 6 0.06804792
0.9387755 0.244898 6 -0.07277924
0.9387755 0.2653061 6 -0.02557851
0.9387755 0.2857143 6 0.2065627
0.9387755 0.3061224 6 0.60846
0.9387755 0.3265306 6 1.153825
0.9387755 0.3469388 6 1.806986
0.9387755 0.3673469 6 2.525218
0.9387755 0.3877551 6 3.261543
0.9387755 0.4081633 6 3.967796
0.9387755 0.4285714 6 4.597782
0.9387755 0.4489796 6 5.110294
0.9387755 0.4693878 6 5.471807
0.9387755 0.4897959 6 5.658675
0.9387755 0.5102041 6 5.658675
0.9387755 0.5306122 6 5.471807
0.9387755 0.5510204 6 5.110294
0.9387755 0.5714286 6 4.597782
0.9387755 0.5918367 6 3.967796
0.9387755 0.6122449 6 3.261543
0.9387755 0.6326531 6 2.525218
0.9387755 0.6530612 6 1.806986
0.9387755 0.6734694 6 1.153825
0.9387755 0.6938776 6 0.60846
0.9387755 0.7142857 6 0.2065627
0.9387755 0.7346939 6 -0.02557851
0.9387755 0.755102 6 -0.07277924
0.9387755 0.7755102 6 0.06804792
0.9387755 0.7959184 6 0.3876914
0.9387755 0.8163265 6 0.8652433
0.9387755 0.8367347 6 1.469467
0.9387755 0.8571429 6 2.160839
0.9387755 0.877551 6 2.894138
0.9387755 0.8979592 6 3.621398
0.9387755 0.9183673 6 4.295049
0.9387755 0.9387755 6 4.871026
0.9387755 0.9591837 6 5.311656
0.9387755 0.9795918 6 5.588117
0.9387755 1 6 5.682324
0.9591837 0 6 5.725066
0.9591837 0.02040816 6 5.630859
0.9591837 0.04081633 6 5.354398
0.9591837 0.06122449 6 4.913768
0.9591837 0.08163265 6 4.337791
0.9591837 0.1020408 6 3.66414
0.9591837 0.122449 6 2.93688
0.9591837 0.1428571 6 2.203581
0.9591837 0.1632653 6 1.512209
0.9591837 0.1836735 6 0.9079853
0.9591837 0.2040816 6 0.4304334
0.9591837 0.2244898 6 0.1107899
0.9591837 0.244898 6 -0.03003723
0.9591837 0.2653061 6 0.0171635
0.9591837 0.2857143 6 0.2493047
0.9591837 0.3061224 6 0.651202
0.9591837 0.3265306 6 1.196567
0.9591837 0.3469388 6 1.849728
0.9591837 0.3673469 6 2.56796
0.9591837 0.3877551 6 3.304285
0.9591837 0.4081633 6 4.010538
0.9591837 0.4285714 6 4.640524
0.9591837 0.4489796 6 5.153036
0.9591837 0.4693878 6 5.514549
0.9591837 0.4897959 6 5.701417
0.9591837 0.5102041 6 5.701417
0.9591837 0.5306122 6 5.514549
0.9591837 0.5510204 6 5.153036
0.9591837 0.5714286 6 4.640524
0.9591837 0.5918367 6 4.010538
0.9591837 0.6122449 6 3.304285
0.9591837 0.6326531 6 2.56796
0.9591837 0.6530612 6 1.849728
0.9591837 0.6734694 6 1.196567
0.9591837 0.6938776 6 0.651202
0.9591837 0.7142857 6 0.2493047
0.9591837 0.7346939 6 0.0171635
0.9591837 0.755102 6 -0.03003723
0.9591837 0.7755102 6 0.1107899
0.9591837 0.7959184 6 0.4304334
0.9591837 0.8163265 6 0.9079853
0.9591837 0.8367347 6 1.512209
0.9591837 0.8571429 6 2.203581
0.9591837 0.877551 6 2.93688
0.9591837 0.8979592 6 3.66414
0.9591837 0.9183673 6 4.337791
0.9591837 0.9387755 6 4.913768
0.9591837 0.9591837 6 5.354398
0.9591837 0.9795918 6 5.630859
0.9591837 1 6 5.725066
0.9795918 0 6 5.751883
0.9795918 0.02040816 6 5.657676
0.9795918 0.04081633 6 5.381216
0.9795918 0.06122449 6 4.940586
0.9795918 0.08163265 6 4.364608
0.9795918 0.1020408 6 3.690957
0.9795918 0.122449 6 2.963697
0.9795918 0.1428571 6 2.230399
0.9795918 0.1632653 6 1.539026
0.9795918 0.1836735 6 0.9348025
0.9795918 0.2040816 6 0.4572507
0.9795918 0.2244898 6 0.1376072
0.9795918 0.244898 6 -0.003220004
0.9795918 0.2653061 6 0.04398073
0.9795918 0.2857143 6 0.2761219
0.9795918 0.3061224 6 0.6780192
0.9795918 0.3265306 6 1.223384
0.9795918 0.3469388 6 1.876545
0.9795918 0.3673469 6 2.594777
0.9795918 0.3877551 6 3.331102
0.9795918 0.4081633 6 4.037355
0.9795918 0.4285714 6 4.667342
0.9795918 0.4489796 6 5.179853
0.9795918 0.4693878 6 5.541366
0.9795918 0.4897959 6 5.728234
0.9795918 0.5102041 6 5.728234
0.9795918 0.5306122 6 5.541366
0.9795918 0.5510204 6 5.179853
0.9795918 0.5714286 6 4.667342
0.9795918 0.5918367 6 4.037355
0.9795918 0.6122449 6 3.331102
0.9795918 0.6326531 6 2.594777
0.9795918 0.6530612 6 1.876545
0.9795918 0.6734694 6 1.223384
0.9795918 0.6938776 6 0.6780192
0.9795918 0.7142857 6 0.2761219
0.9795918 0.7346939 6 0.04398073
0.9795918 0.755102 6 -0.003220004
0.9795918 0.7755102 6 0.1376072
0.9795918 0.7959184 6 0.4572507
0.9795918 0.8163265 6 0.9348025
0.9795918 0.8367347 6 1.539026
0.9795918 0.8571429 6 2.230399
0.9795918 0.877551 6 2.963697
0.9795918 0.8979592 6 3.690957
0.9795918 0.9183673 6 4.364608
0.9795918 0.9387755 6 4.940586
0.9795918 0.9591837 6 5.381216
0.9795918 0.9795918 6 5.657676
0.9795918 1 6 5.751883
1 0 6 5.761022
1 0.02040816 6 5.666814
1 0.04081633 6 5.390354
1 0.06122449 6 4.949724
1 0.08163265 6 4.373746
1 0.1020408 6 3.700096
1 0.122449 6 2.972836
1 0.1428571 6 2.239537
1 0.1632653 6 1.548164
1 0.1836735 6 0.9439408
1 0.2040816 6 0.466389
1 0.2244898 6 0.1467455
1 0.244898 6 0.005918318
1 0.2653061 6 0.05311905
1 0.2857143 6 0.2852603
1 0.3061224 6 0.6871575
1 0.3265306 6 1.232523
1 0.3469388 6 1.885683
1 0.3673469 6 2.603915
1 0.3877551 6 3.34024
1 0.4081633 6 4.046494
1 0.4285714 6 4.67648
1 0.4489796 6 5.188992
1 0.4693878 6 5.550505
1 0.4897959 6 5.737373
1 0.5102041 6 5.737373
1 0.5306122 6 5.550505
1 0.5510204 6 5.188992
1 0.5714286 6 4.67648
1 0.5918367 6 4.046494
1 0.6122449 6 3.34024
1 0.6326531 6 2.603915
1 0.6530612 6 1.885683
1 0.6734694 6 1.232523
1 0.6938776 6 0.6871575
1 0.7142857 6 0.2852603
1 0.7346939 6 0.05311905
1 0.755102 6 0.005918318
1 0.7755102 6 0.1467455
1 0.7959184 6 0.466389
1 0.8163265 6 0.9439408
1 0.8367347 6 1.548164
1 0.8571429 6 2.239537
1 0.877551 6 2.972836
1 0.8979592 6 3.700096
1 0.9183673 6 4.373746
1 0.9387755 6 4.949724
1 0.9591837 6 5.390354
1 0.9795918 6 5.666814
1 1 6 5.761022
