0 0 5 1.701973
0 0.02040816 5 1.674141
0 0.04081633 5 1.592467
0 0.06122449 5 1.462292
0 0.08163265 5 1.292132
0 0.1020408 5 1.093116
0 0.122449 5 0.878262
0 0.1428571 5 0.6616242
0 0.1632653 5 0.4573727
0 0.1836735 5 0.2788675
0 0.2040816 5 0.1377848
0 0.2244898 5 0.04335287
0 0.244898 5 0.001748443
0 0.2653061 5 0.01569291
0 0.2857143 5 0.08427416
0 0.3061224 5 0.2030063
0 0.3265306 5 0.364123
0 0.3469388 5 0.5570855
0 0.3673469 5 0.7692723
0 0.3877551 5 0.9868039
0 0.4081633 5 1.195452
0 0.4285714 5 1.381568
0 0.4489796 5 1.532979
0 0.4693878 5 1.63978
0 0.4897959 5 1.694987
0 0.5102041 5 1.694987
0 0.5306122 5 1.63978
0 0.5510204 5 1.532979
0 0.5714286 5 1.381568
0 0.5918367 5 1.195452
0 0.6122449 5 0.9868039
0 0.6326531 5 0.7692723
0 0.6530612 5 0.5570855
0 0.6734694 5 0.364123
0 0.6938776 5 0.2030063
0 0.7142857 5 0.08427416
0 0.7346939 5 0.01569291
0 0.755102 5 0.001748443
0 0.7755102 5 0.04335287
0 0.7959184 5 0.1377848
0 0.8163265 5 0.2788675
0 0.8367347 5 0.4573727
0 0.8571429 5 0.6616242
0 0.877551 5 0.878262
0 0.8979592 5 1.093116
0 0.9183673 5 1.292132
0 0.9387755 5 1.462292
0 0.9591837 5 1.592467
0 0.9795918 5 1.674141
0 1 5 1.701973
0.02040816 0 5 1.670611
0.02040816 0.02040816 5 1.64278
0.02040816 0.04081633 5 1.561105
0.02040816 0.06122449 5 1.43093
0.02040816 0.08163265 5 1.26077
0.02040816 0.1020408 5 1.061754
0.02040816 0.122449 5 0.8469003
0.02040816 0.1428571 5 0.6302625
0.02040816 0.1632653 5 0.4260109
0.02040816 0.1836735 5 0.2475058
0.02040816 0.2040816 5 0.1064231
0.02040816 0.2244898 5 0.01199112
0.02040816 0.244898 5 -0.02961331
0.02040816 0.2653061 5 -0.01566884
0.02040816 0.2857143 5 0.05291241
0.02040816 0.3061224 5 0.1716445
0.02040816 0.3265306 5 0.3327612
0.02040816 0.3469388 5 0.5257238
0.02040816 0.3673469 5 0.7379105
0.02040816 0.3877551 5 0.9554422
0.02040816 0.4081633 5 1.16409
0.02040816 0.4285714 5 1.350206
0.02040816 0.4489796 5 1.501617
0.02040816 0.4693878 5 1.608419
0.02040816 0.4897959 5 1.663625
0.02040816 0.5102041 5 1.663625
0.02040816 0.5306122 5 1.608419
0.02040816 0.5510204 5 1.501617
0.02040816 0.5714286 5 1.350206
0.02040816 0.5918367 5 1.16409
0.02040816 0.6122449 5 0.9554422
0.02040816 0.6326531 5 0.7379105
0.02040816 0.6530612 5 0.5257238
0.02040816 0.6734694 5 0.3327612
0.02040816 0.6938776 5 0.1716445
0.02040816 0.7142857 5 0.05291241
0.02040816 0.7346939 5 -0.01566884
0.02040816 0.755102 5 -0.02961331
0.02040816 0.7755102 5 0.01199112
0.02040816 0.7959184 5 0.1064231
0.02040816 0.8163265 5 0.2475058
0.02040816 0.8367347 5 0.4260109
0.02040816 0.8571429 5 0.6302625
0.02040816 0.877551 5 0.8469003
0.02040816 0.8979592 5 1.061754
0.02040816 0.9183673 5 1.26077
0.02040816 0.9387755 5 1.43093
0.02040816 0.9591837 5 1.561105
0.02040816 0.9795918 5 1.64278
0.02040816 1 5 1.670611
0.04081633 0 5 1.578577
0.04081633 0.02040816 5 1.550746
0.04081633 0.04081633 5 1.469071
0.04081633 0.06122449 5 1.338897
0.04081633 0.08163265 5 1.168736
0.04081633 0.1020408 5 0.9697201
0.04081633 0.122449 5 0.7548664
0.04081633 0.1428571 5 0.5382286
0.04081633 0.1632653 5 0.3339771
0.04081633 0.1836735 5 0.1554719
0.04081633 0.2040816 5 0.01438923
0.04081633 0.2244898 5 -0.08004274
0.04081633 0.244898 5 -0.1216472
0.04081633 0.2653061 5 -0.1077027
0.04081633 0.2857143 5 -0.03912146
0.04081633 0.3061224 5 0.07961066
0.04081633 0.3265306 5 0.2407274
0.04081633 0.3469388 5 0.4336899
0.04081633 0.3673469 5 0.6458766
0.04081633 0.3877551 5 0.8634083
0.04081633 0.4081633 5 1.072056
0.04081633 0.4285714 5 1.258172
0.04081633 0.4489796 5 1.409583
0.04081633 0.4693878 5 1.516385
0.04081633 0.4897959 5 1.571591
0.04081633 0.5102041 5 1.571591
0.04081633 0.5306122 5 1.516385
0.04081633 0.5510204 5 1.409583
0.04081633 0.5714286 5 1.258172
0.04081633 0.5918367 5 1.072056
0.04081633 0.6122449 5 0.8634083
0.04081633 0.6326531 5 0.6458766
0.04081633 0.6530612 5 0.4336899
0.04081633 0.6734694 5 0.2407274
0.04081633 0.6938776 5 0.07961066
0.04081633 0.7142857 5 -0.03912146
0.04081633 0.7346939 5 -0.1077027
0.04081633 0.755102 5 -0.1216472
0.04081633 0.7755102 5 -0.08004274
0.04081633 0.7959184 5 0.01438923
0.04081633 0.8163265 5 0.1554719
0.04081633 0.8367347 5 0.3339771
0.04081633 0.8571429 5 0.5382286
0.04081633 0.877551 5 0.7548664
0.04081633 0.8979592 5 0.9697201
0.04081633 0.9183673 5 1.168736
0.04081633 0.9387755 5 1.338897
0.04081633 0.9591837 5 1.469071
0.04081633 0.9795918 5 1.550746
0.04081633 1 5 1.578577
0.06122449 0 5 1.431891
0.06122449 0.02040816 5 1.40406
0.06122449 0.04081633 5 1.322385
0.06122449 0.06122449 5 1.192211
0.06122449 0.08163265 5 1.02205
0.06122449 0.1020408 5 0.8230341
0.06122449 0.122449 5 0.6081804
0.06122449 0.1428571 5 0.3915426
0.06122449 0.1632653 5 0.187291
0.06122449 0.1836735 5 0.008785892
0.06122449 0.2040816 5 -0.1322968
0.06122449 0.2244898 5 -0.2267288
0.06122449 0.244898 5 -0.2683332
0.06122449 0.2653061 5 -0.2543887
0.06122449 0.2857143 5 -0.1858075
0.06122449 0.3061224 5 -0.06707536
0.06122449 0.3265306 5 0.09404132
0.06122449 0.3469388 5 0.2870039
0.06122449 0.3673469 5 0.4991906
0.06122449 0.3877551 5 0.7167223
0.06122449 0.4081633 5 0.9253701
0.06122449 0.4285714 5 1.111486
0.06122449 0.4489796 5 1.262897
0.06122449 0.4693878 5 1.369699
0.06122449 0.4897959 5 1.424905
0.06122449 0.5102041 5 1.424905
0.06122449 0.5306122 5 1.369699
0.06122449 0.5510204 5 1.262897
0.06122449 0.5714286 5 1.111486
0.06122449 0.5918367 5 0.9253701
0.06122449 0.6122449 5 0.7167223
0.06122449 0.6326531 5 0.4991906
0.06122449 0.6530612 5 0.2870039
0.06122449 0.6734694 5 0.09404132
0.06122449 0.6938776 5 -0.06707536
0.06122449 0.7142857 5 -0.1858075
0.06122449 0.7346939 5 -0.2543887
0.06122449 0.755102 5 -0.2683332
0.06122449 0.7755102 5 -0.2267288
0.06122449 0.7959184 5 -0.1322968
0.06122449 0.8163265 5 0.008785892
0.06122449 0.8367347 5 0.187291
0.06122449 0.8571429 5 0.3915426
0.06122449 0.877551 5 0.6081804
0.06122449 0.8979592 5 0.8230341
0.06122449 0.9183673 5 1.02205
0.06122449 0.9387755 5 1.192211
0.06122449 0.9591837 5 1.322385
0.06122449 0.9795918 5 1.40406
0.06122449 1 5 1.431891
0.08163265 0 5 1.240148
0.08163265 0.02040816 5 1.212316
0.08163265 0.04081633 5 1.130642
0.08163265 0.06122449 5 1.000467
0.08163265 0.08163265 5 0.8303066
0.08163265 0.1020408 5 0.6312907
0.08163265 0.122449 5 0.416437
0.08163265 0.1428571 5 0.1997992
0.08163265 0.1632653 5 -0.004452368
0.08163265 0.1836735 5 -0.1829575
0.08163265 0.2040816 5 -0.3240402
0.08163265 0.2244898 5 -0.4184722
0.08163265 0.244898 5 -0.4600766
0.08163265 0.2653061 5 -0.4461321
0.08163265 0.2857143 5 -0.3775509
0.08163265 0.3061224 5 -0.2588188
0.08163265 0.3265306 5 -0.09770209
0.08163265 0.3469388 5 0.09526048
0.08163265 0.3673469 5 0.3074472
0.08163265 0.3877551 5 0.5249789
0.08163265 0.4081633 5 0.7336267
0.08163265 0.4285714 5 0.9197429
0.08163265 0.4489796 5 1.071154
0.08163265 0.4693878 5 1.177955
0.08163265 0.4897959 5 1.233161
0.08163265 0.5102041 5 1.233161
0.08163265 0.5306122 5 1.177955
0.08163265 0.5510204 5 1.071154
0.08163265 0.5714286 5 0.9197429
0.08163265 0.5918367 5 0.7336267
0.08163265 0.6122449 5 0.5249789
0.08163265 0.6326531 5 0.3074472
0.08163265 0.6530612 5 0.09526048
0.08163265 0.6734694 5 -0.09770209
0.08163265 0.6938776 5 -0.2588188
0.08163265 0.7142857 5 -0.3775509
0.08163265 0.7346939 5 -0.4461321
0.08163265 0.755102 5 -0.4600766
0.08163265 0.7755102 5 -0.4184722
0.08163265 0.7959184 5 -0.3240402
0.08163265 0.8163265 5 -0.1829575
0.08163265 0.8367347 5 -0.004452368
0.08163265 0.8571429 5 0.1997992
0.08163265 0.877551 5 0.416437
0.08163265 0.8979592 5 0.6312907
0.08163265 0.9183673 5 0.8303066
0.08163265 0.9387755 5 1.000467
0.08163265 0.9591837 5 1.130642
0.08163265 0.9795918 5 1.212316
0.08163265 1 5 1.240148
0.1020408 0 5 1.015889
0.1020408 0.02040816 5 0.9880576
0.1020408 0.04081633 5 0.9063832
0.1020408 0.06122449 5 0.7762083
0.1020408 0.08163265 5 0.6060478
0.1020408 0.1020408 5 0.4070318
0.1020408 0.122449 5 0.1921782
0.1020408 0.1428571 5 -0.02445963
0.1020408 0.1632653 5 -0.2287112
0.1020408 0.1836735 5 -0.4072163
0.1020408 0.2040816 5 -0.548299
0.1020408 0.2244898 5 -0.642731
0.1020408 0.244898 5 -0.6843354
0.1020408 0.2653061 5 -0.670391
0.1020408 0.2857143 5 -0.6018097
0.1020408 0.3061224 5 -0.4830776
0.1020408 0.3265306 5 -0.3219609
0.1020408 0.3469388 5 -0.1289983
0.1020408 0.3673469 5 0.08318839
0.1020408 0.3877551 5 0.3007201
0.1020408 0.4081633 5 0.5093679
0.1020408 0.4285714 5 0.6954841
0.1020408 0.4489796 5 0.8468949
0.1020408 0.4693878 5 0.9536964
0.1020408 0.4897959 5 1.008903
0.1020408 0.5102041 5 1.008903
0.1020408 0.5306122 5 0.9536964
0.1020408 0.5510204 5 0.8468949
0.1020408 0.5714286 5 0.6954841
0.1020408 0.5918367 5 0.5093679
0.1020408 0.6122449 5 0.3007201
0.1020408 0.6326531 5 0.08318839
0.1020408 0.6530612 5 -0.1289983
0.1020408 0.6734694 5 -0.3219609
0.1020408 0.6938776 5 -0.4830776
0.1020408 0.7142857 5 -0.6018097
0.1020408 0.7346939 5 -0.670391
0.1020408 0.755102 5 -0.6843354
0.1020408 0.7755102 5 -0.642731
0.1020408 0.7959184 5 -0.548299
0.1020408 0.8163265 5 -0.4072163
0.1020408 0.8367347 5 -0.2287112
0.1020408 0.8571429 5 -0.02445963
0.1020408 0.877551 5 0.1921782
0.1020408 0.8979592 5 0.4070318
0.1020408 0.9183673 5 0.6060478
0.1020408 0.9387755 5 0.7762083
0.1020408 0.9591837 5 0.9063832
0.1020408 0.9795918 5 0.9880576
0.1020408 1 5 1.015889
0.122449 0 5 0.7737839
0.122449 0.02040816 5 0.7459522
0.122449 0.04081633 5 0.6642778
0.122449 0.06122449 5 0.534103
0.122449 0.08163265 5 0.3639424
0.122449 0.1020408 5 0.1649265
0.122449 0.122449 5 -0.04992722
0.122449 0.1428571 5 -0.266565
0.122449 0.1632653 5 -0.4708165
0.122449 0.1836735 5 -0.6493217
0.122449 0.2040816 5 -0.7904044
0.122449 0.2244898 5 -0.8848364
0.122449 0.244898 5 -0.9264408
0.122449 0.2653061 5 -0.9124963
0.122449 0.2857143 5 -0.8439151
0.122449 0.3061224 5 -0.725183
0.122449 0.3265306 5 -0.5640663
0.122449 0.3469388 5 -0.3711037
0.122449 0.3673469 5 -0.158917
0.122449 0.3877551 5 0.05861468
0.122449 0.4081633 5 0.2672625
0.122449 0.4285714 5 0.4533788
0.122449 0.4489796 5 0.6047895
0.122449 0.4693878 5 0.711591
0.122449 0.4897959 5 0.7667973
0.122449 0.5102041 5 0.7667973
0.122449 0.5306122 5 0.711591
0.122449 0.5510204 5 0.6047895
0.122449 0.5714286 5 0.4533788
0.122449 0.5918367 5 0.2672625
0.122449 0.6122449 5 0.05861468
0.122449 0.6326531 5 -0.158917
0.122449 0.6530612 5 -0.3711037
0.122449 0.6734694 5 -0.5640663
0.122449 0.6938776 5 -0.725183
0.122449 0.7142857 5 -0.8439151
0.122449 0.7346939 5 -0.9124963
0.122449 0.755102 5 -0.9264408
0.122449 0.7755102 5 -0.8848364
0.122449 0.7959184 5 -0.7904044
0.122449 0.8163265 5 -0.6493217
0.122449 0.8367347 5 -0.4708165
0.122449 0.8571429 5 -0.266565
0.122449 0.877551 5 -0.04992722
0.122449 0.8979592 5 0.1649265
0.122449 0.9183673 5 0.3639424
0.122449 0.9387755 5 0.534103
0.122449 0.9591837 5 0.6642778
0.122449 0.9795918 5 0.7459522
0.122449 1 5 0.7737839
0.1428571 0 5 0.5296681
0.1428571 0.02040816 5 0.5018365
0.1428571 0.04081633 5 0.4201621
0.1428571 0.06122449 5 0.2899872
0.1428571 0.08163265 5 0.1198267
0.1428571 0.1020408 5 -0.07918929
0.1428571 0.122449 5 -0.294043
0.1428571 0.1428571 5 -0.5106808
0.1428571 0.1632653 5 -0.7149323
0.1428571 0.1836735 5 -0.8934375
0.1428571 0.2040816 5 -1.03452
0.1428571 0.2244898 5 -1.128952
0.1428571 0.244898 5 -1.170557
0.1428571 0.2653061 5 -1.156612
0.1428571 0.2857143 5 -1.088031
0.1428571 0.3061224 5 -0.9692987
0.1428571 0.3265306 5 -0.808182
0.1428571 0.3469388 5 -0.6152195
0.1428571 0.3673469 5 -0.4030327
0.1428571 0.3877551 5 -0.1855011
0.1428571 0.4081633 5 0.02314674
0.1428571 0.4285714 5 0.209263
0.1428571 0.4489796 5 0.3606738
0.1428571 0.4693878 5 0.4674753
0.1428571 0.4897959 5 0.5226815
0.1428571 0.5102041 5 0.5226815
0.1428571 0.5306122 5 0.4674753
0.1428571 0.5510204 5 0.3606738
0.1428571 0.5714286 5 0.209263
0.1428571 0.5918367 5 0.02314674
0.1428571 0.6122449 5 -0.1855011
0.1428571 0.6326531 5 -0.4030327
0.1428571 0.6530612 5 -0.6152195
0.1428571 0.6734694 5 -0.808182
0.1428571 0.6938776 5 -0.9692987
0.1428571 0.7142857 5 -1.088031
0.1428571 0.7346939 5 -1.156612
0.1428571 0.755102 5 -1.170557
0.1428571 0.7755102 5 -1.128952
0.1428571 0.7959184 5 -1.03452
0.1428571 0.8163265 5 -0.8934375
0.1428571 0.8367347 5 -0.7149323
0.1428571 0.8571429 5 -0.5106808
0.1428571 0.877551 5 -0.294043
0.1428571 0.8979592 5 -0.07918929
0.1428571 0.9183673 5 0.1198267
0.1428571 0.9387755 5 0.2899872
0.1428571 0.9591837 5 0.4201621
0.1428571 0.9795918 5 0.5018365
0.1428571 1 5 0.5296681
0.1632653 0 5 0.2995096
0.1632653 0.02040816 5 0.271678
0.1632653 0.04081633 5 0.1900036
0.1632653 0.06122449 5 0.05982873
0.1632653 0.08163265 5 -0.1103318
0.1632653 0.1020408 5 -0.3093478
0.1632653 0.122449 5 -0.5242015
0.1632653 0.1428571 5 -0.7408392
0.1632653 0.1632653 5 -0.9450908
0.1632653 0.1836735 5 -1.123596
0.1632653 0.2040816 5 -1.264679
0.1632653 0.2244898 5 -1.359111
0.1632653 0.244898 5 -1.400715
0.1632653 0.2653061 5 -1.386771
0.1632653 0.2857143 5 -1.318189
0.1632653 0.3061224 5 -1.199457
0.1632653 0.3265306 5 -1.03834
0.1632653 0.3469388 5 -0.8453779
0.1632653 0.3673469 5 -0.6331912
0.1632653 0.3877551 5 -0.4156595
0.1632653 0.4081633 5 -0.2070117
0.1632653 0.4285714 5 -0.02089547
0.1632653 0.4489796 5 0.1305153
0.1632653 0.4693878 5 0.2373168
0.1632653 0.4897959 5 0.2925231
0.1632653 0.5102041 5 0.2925231
0.1632653 0.5306122 5 0.2373168
0.1632653 0.5510204 5 0.1305153
0.1632653 0.5714286 5 -0.02089547
0.1632653 0.5918367 5 -0.2070117
0.1632653 0.6122449 5 -0.4156595
0.1632653 0.6326531 5 -0.6331912
0.1632653 0.6530612 5 -0.8453779
0.1632653 0.6734694 5 -1.03834
0.1632653 0.6938776 5 -1.199457
0.1632653 0.7142857 5 -1.318189
0.1632653 0.7346939 5 -1.386771
0.1632653 0.755102 5 -1.400715
0.1632653 0.7755102 5 -1.359111
0.1632653 0.7959184 5 -1.264679
0.1632653 0.8163265 5 -1.123596
0.1632653 0.8367347 5 -0.9450908
0.1632653 0.8571429 5 -0.7408392
0.1632653 0.877551 5 -0.5242015
0.1632653 0.8979592 5 -0.3093478
0.1632653 0.9183673 5 -0.1103318
0.1632653 0.9387755 5 0.05982873
0.1632653 0.9591837 5 0.1900036
0.1632653 0.9795918 5 0.271678
0.1632653 1 5 0.2995096
0.1836735 0 5 0.09836319
0.1836735 0.02040816 5 0.07053156
0.1836735 0.04081633 5 -0.01114286
0.1836735 0.06122449 5 -0.1413177
0.1836735 0.08163265 5 -0.3114783
0.1836735 0.1020408 5 -0.5104942
0.1836735 0.122449 5 -0.7253479
0.1836735 0.1428571 5 -0.9419857
0.1836735 0.1632653 5 -1.146237
0.1836735 0.1836735 5 -1.324742
0.1836735 0.2040816 5 -1.465825
0.1836735 0.2244898 5 -1.560257
0.1836735 0.244898 5 -1.601861
0.1836735 0.2653061 5 -1.587917
0.1836735 0.2857143 5 -1.519336
0.1836735 0.3061224 5 -1.400604
0.1836735 0.3265306 5 -1.239487
0.1836735 0.3469388 5 -1.046524
0.1836735 0.3673469 5 -0.8343377
0.1836735 0.3877551 5 -0.616806
0.1836735 0.4081633 5 -0.4081582
0.1836735 0.4285714 5 -0.2220419
0.1836735 0.4489796 5 -0.07063114
0.1836735 0.4693878 5 0.03617034
0.1836735 0.4897959 5 0.09137661
0.1836735 0.5102041 5 0.09137661
0.1836735 0.5306122 5 0.03617034
0.1836735 0.5510204 5 -0.07063114
0.1836735 0.5714286 5 -0.2220419
0.1836735 0.5918367 5 -0.4081582
0.1836735 0.6122449 5 -0.616806
0.1836735 0.6326531 5 -0.8343377
0.1836735 0.6530612 5 -1.046524
0.1836735 0.6734694 5 -1.239487
0.1836735 0.6938776 5 -1.400604
0.1836735 0.7142857 5 -1.519336
0.1836735 0.7346939 5 -1.587917
0.1836735 0.755102 5 -1.601861
0.1836735 0.7755102 5 -1.560257
0.1836735 0.7959184 5 -1.465825
0.1836735 0.8163265 5 -1.324742
0.1836735 0.8367347 5 -1.146237
0.1836735 0.8571429 5 -0.9419857
0.1836735 0.877551 5 -0.7253479
0.1836735 0.8979592 5 -0.5104942
0.1836735 0.9183673 5 -0.3114783
0.1836735 0.9387755 5 -0.1413177
0.1836735 0.9591837 5 -0.01114286
0.1836735 0.9795918 5 0.07053156
0.1836735 1 5 0.09836319
0.2040816 0 5 -0.06061419
0.2040816 0.02040816 5 -0.08844582
0.2040816 0.04081633 5 -0.1701202
0.2040816 0.06122449 5 -0.3002951
0.2040816 0.08163265 5 -0.4704556
0.2040816 0.1020408 5 -0.6694716
0.2040816 0.122449 5 -0.8843253
0.2040816 0.1428571 5 -1.100963
0.2040816 0.1632653 5 -1.305215
0.2040816 0.1836735 5 -1.48372
0.2040816 0.2040816 5 -1.624802
0.2040816 0.2244898 5 -1.719234
0.2040816 0.244898 5 -1.760839
0.2040816 0.2653061 5 -1.746894
0.2040816 0.2857143 5 -1.678313
0.2040816 0.3061224 5 -1.559581
0.2040816 0.3265306 5 -1.398464
0.2040816 0.3469388 5 -1.205502
0.2040816 0.3673469 5 -0.9933151
0.2040816 0.3877551 5 -0.7757834
0.2040816 0.4081633 5 -0.5671356
0.2040816 0.4285714 5 -0.3810193
0.2040816 0.4489796 5 -0.2296085
0.2040816 0.4693878 5 -0.122807
0.2040816 0.4897959 5 -0.06760078
0.2040816 0.5102041 5 -0.06760078
0.2040816 0.5306122 5 -0.122807
0.2040816 0.5510204 5 -0.2296085
0.2040816 0.5714286 5 -0.3810193
0.2040816 0.5918367 5 -0.5671356
0.2040816 0.6122449 5 -0.7757834
0.2040816 0.6326531 5 -0.9933151
0.2040816 0.6530612 5 -1.205502
0.2040816 0.6734694 5 -1.398464
0.2040816 0.6938776 5 -1.559581
0.2040816 0.7142857 5 -1.678313
0.2040816 0.7346939 5 -1.746894
0.2040816 0.755102 5 -1.760839
0.2040816 0.7755102 5 -1.719234
0.2040816 0.7959184 5 -1.624802
0.2040816 0.8163265 5 -1.48372
0.2040816 0.8367347 5 -1.305215
0.2040816 0.8571429 5 -1.100963
0.2040816 0.877551 5 -0.8843253
0.2040816 0.8979592 5 -0.6694716
0.2040816 0.9183673 5 -0.4704556
0.2040816 0.9387755 5 -0.3002951
0.2040816 0.9591837 5 -0.1701202
0.2040816 0.9795918 5 -0.08844582
0.2040816 1 5 -0.06061419
0.2244898 0 5 -0.1670238
0.2244898 0.02040816 5 -0.1948554
0.2244898 0.04081633 5 -0.2765298
0.2244898 0.06122449 5 -0.4067047
0.2244898 0.08163265 5 -0.5768652
0.2244898 0.1020408 5 -0.7758812
0.2244898 0.122449 5 -0.9907349
0.2244898 0.1428571 5 -1.207373
0.2244898 0.1632653 5 -1.411624
0.2244898 0.1836735 5 -1.590129
0.2244898 0.2040816 5 -1.731212
0.2244898 0.2244898 5 -1.825644
0.2244898 0.244898 5 -1.867248
0.2244898 0.2653061 5 -1.853304
0.2244898 0.2857143 5 -1.784723
0.2244898 0.3061224 5 -1.665991
0.2244898 0.3265306 5 -1.504874
0.2244898 0.3469388 5 -1.311911
0.2244898 0.3673469 5 -1.099725
0.2244898 0.3877551 5 -0.8821929
0.2244898 0.4081633 5 -0.6735451
0.2244898 0.4285714 5 -0.4874289
0.2244898 0.4489796 5 -0.3360181
0.2244898 0.4693878 5 -0.2292166
0.2244898 0.4897959 5 -0.1740103
0.2244898 0.5102041 5 -0.1740103
0.2244898 0.5306122 5 -0.2292166
0.2244898 0.5510204 5 -0.3360181
0.2244898 0.5714286 5 -0.4874289
0.2244898 0.5918367 5 -0.6735451
0.2244898 0.6122449 5 -0.8821929
0.2244898 0.6326531 5 -1.099725
0.2244898 0.6530612 5 -1.311911
0.2244898 0.6734694 5 -1.504874
0.2244898 0.6938776 5 -1.665991
0.2244898 0.7142857 5 -1.784723
0.2244898 0.7346939 5 -1.853304
0.2244898 0.755102 5 -1.867248
0.2244898 0.7755102 5 -1.825644
0.2244898 0.7959184 5 -1.731212
0.2244898 0.8163265 5 -1.590129
0.2244898 0.8367347 5 -1.411624
0.2244898 0.8571429 5 -1.207373
0.2244898 0.877551 5 -0.9907349
0.2244898 0.8979592 5 -0.7758812
0.2244898 0.9183673 5 -0.5768652
0.2244898 0.9387755 5 -0.4067047
0.2244898 0.9591837 5 -0.2765298
0.2244898 0.9795918 5 -0.1948554
0.2244898 1 5 -0.1670238
0.244898 0 5 -0.2139052
0.244898 0.02040816 5 -0.2417369
0.244898 0.04081633 5 -0.3234113
0.244898 0.06122449 5 -0.4535861
0.244898 0.08163265 5 -0.6237467
0.244898 0.1020408 5 -0.8227626
0.244898 0.122449 5 -1.037616
0.244898 0.1428571 5 -1.254254
0.244898 0.1632653 5 -1.458506
0.244898 0.1836735 5 -1.637011
0.244898 0.2040816 5 -1.778093
0.244898 0.2244898 5 -1.872525
0.244898 0.244898 5 -1.91413
0.244898 0.2653061 5 -1.900185
0.244898 0.2857143 5 -1.831604
0.244898 0.3061224 5 -1.712872
0.244898 0.3265306 5 -1.551755
0.244898 0.3469388 5 -1.358793
0.244898 0.3673469 5 -1.146606
0.244898 0.3877551 5 -0.9290744
0.244898 0.4081633 5 -0.7204266
0.244898 0.4285714 5 -0.5343103
0.244898 0.4489796 5 -0.3828996
0.244898 0.4693878 5 -0.2760981
0.244898 0.4897959 5 -0.2208918
0.244898 0.5102041 5 -0.2208918
0.244898 0.5306122 5 -0.2760981
0.244898 0.5510204 5 -0.3828996
0.244898 0.5714286 5 -0.5343103
0.244898 0.5918367 5 -0.7204266
0.244898 0.6122449 5 -0.9290744
0.244898 0.6326531 5 -1.146606
0.244898 0.6530612 5 -1.358793
0.244898 0.6734694 5 -1.551755
0.244898 0.6938776 5 -1.712872
0.244898 0.7142857 5 -1.831604
0.244898 0.7346939 5 -1.900185
0.244898 0.755102 5 -1.91413
0.244898 0.7755102 5 -1.872525
0.244898 0.7959184 5 -1.778093
0.244898 0.8163265 5 -1.637011
0.244898 0.8367347 5 -1.458506
0.244898 0.8571429 5 -1.254254
0.244898 0.877551 5 -1.037616
0.244898 0.8979592 5 -0.8227626
0.244898 0.9183673 5 -0.6237467
0.244898 0.9387755 5 -0.4535861
0.244898 0.9591837 5 -0.3234113
0.244898 0.9795918 5 -0.2417369
0.244898 1 5 -0.2139052
0.2653061 0 5 -0.1981921
0.2653061 0.02040816 5 -0.2260237
0.2653061 0.04081633 5 -0.3076981
0.2653061 0.06122449 5 -0.437873
0.2653061 0.08163265 5 -0.6080335
0.2653061 0.1020408 5 -0.8070495
0.2653061 0.122449 5 -1.021903
0.2653061 0.1428571 5 -1.238541
0.2653061 0.1632653 5 -1.442792
0.2653061 0.1836735 5 -1.621298
0.2653061 0.2040816 5 -1.76238
0.2653061 0.2244898 5 -1.856812
0.2653061 0.244898 5 -1.898417
0.2653061 0.2653061 5 -1.884472
0.2653061 0.2857143 5 -1.815891
0.2653061 0.3061224 5 -1.697159
0.2653061 0.3265306 5 -1.536042
0.2653061 0.3469388 5 -1.34308
0.2653061 0.3673469 5 -1.130893
0.2653061 0.3877551 5 -0.9133613
0.2653061 0.4081633 5 -0.7047134
0.2653061 0.4285714 5 -0.5185972
0.2653061 0.4489796 5 -0.3671864
0.2653061 0.4693878 5 -0.2603849
0.2653061 0.4897959 5 -0.2051787
0.2653061 0.5102041 5 -0.2051787
0.2653061 0.5306122 5 -0.2603849
0.2653061 0.5510204 5 -0.3671864
0.2653061 0.5714286 5 -0.5185972
0.2653061 0.5918367 5 -0.7047134
0.2653061 0.6122449 5 -0.9133613
0.2653061 0.6326531 5 -1.130893
0.2653061 0.6530612 5 -1.34308
0.2653061 0.6734694 5 -1.536042
0.2653061 0.6938776 5 -1.697159
0.2653061 0.7142857 5 -1.815891
0.2653061 0.7346939 5 -1.884472
0.2653061 0.755102 5 -1.898417
0.2653061 0.7755102 5 -1.856812
0.2653061 0.7959184 5 -1.76238
0.2653061 0.8163265 5 -1.621298
0.2653061 0.8367347 5 -1.442792
0.2653061 0.8571429 5 -1.238541
0.2653061 0.877551 5 -1.021903
0.2653061 0.8979592 5 -0.8070495
0.2653061 0.9183673 5 -0.6080335
0.2653061 0.9387755 5 -0.437873
0.2653061 0.9591837 5 -0.3076981
0.2653061 0.9795918 5 -0.2260237
0.2653061 1 5 -0.1981921
0.2857143 0 5 -0.1209121
0.2857143 0.02040816 5 -0.1487437
0.2857143 0.04081633 5 -0.2304181
0.2857143 0.06122449 5 -0.360593
0.2857143 0.08163265 5 -0.5307535
0.2857143 0.1020408 5 -0.7297695
0.2857143 0.122449 5 -0.9446232
0.2857143 0.1428571 5 -1.161261
0.2857143 0.1632653 5 -1.365513
0.2857143 0.1836735 5 -1.544018
0.2857143 0.2040816 5 -1.6851
0.2857143 0.2244898 5 -1.779532
0.2857143 0.244898 5 -1.821137
0.2857143 0.2653061 5 -1.807192
0.2857143 0.2857143 5 -1.738611
0.2857143 0.3061224 5 -1.619879
0.2857143 0.3265306 5 -1.458762
0.2857143 0.3469388 5 -1.2658
0.2857143 0.3673469 5 -1.053613
0.2857143 0.3877551 5 -0.8360813
0.2857143 0.4081633 5 -0.6274335
0.2857143 0.4285714 5 -0.4413172
0.2857143 0.4489796 5 -0.2899064
0.2857143 0.4693878 5 -0.1831049
0.2857143 0.4897959 5 -0.1278987
0.2857143 0.5102041 5 -0.1278987
0.2857143 0.5306122 5 -0.1831049
0.2857143 0.5510204 5 -0.2899064
0.2857143 0.5714286 5 -0.4413172
0.2857143 0.5918367 5 -0.6274335
0.2857143 0.6122449 5 -0.8360813
0.2857143 0.6326531 5 -1.053613
0.2857143 0.6530612 5 -1.2658
0.2857143 0.6734694 5 -1.458762
0.2857143 0.6938776 5 -1.619879
0.2857143 0.7142857 5 -1.738611
0.2857143 0.7346939 5 -1.807192
0.2857143 0.755102 5 -1.821137
0.2857143 0.7755102 5 -1.779532
0.2857143 0.7959184 5 -1.6851
0.2857143 0.8163265 5 -1.544018
0.2857143 0.8367347 5 -1.365513
0.2857143 0.8571429 5 -1.161261
0.2857143 0.877551 5 -0.9446232
0.2857143 0.8979592 5 -0.7297695
0.2857143 0.9183673 5 -0.5307535
0.2857143 0.9387755 5 -0.360593
0.2857143 0.9591837 5 -0.2304181
0.2857143 0.9795918 5 -0.1487437
0.2857143 1 5 -0.1209121
0.3061224 0 5 0.01287982
0.3061224 0.02040816 5 -0.01495181
0.3061224 0.04081633 5 -0.09662623
0.3061224 0.06122449 5 -0.2268011
0.3061224 0.08163265 5 -0.3969616
0.3061224 0.1020408 5 -0.5959776
0.3061224 0.122449 5 -0.8108313
0.3061224 0.1428571 5 -1.027469
0.3061224 0.1632653 5 -1.231721
0.3061224 0.1836735 5 -1.410226
0.3061224 0.2040816 5 -1.551308
0.3061224 0.2244898 5 -1.64574
0.3061224 0.244898 5 -1.687345
0.3061224 0.2653061 5 -1.6734
0.3061224 0.2857143 5 -1.604819
0.3061224 0.3061224 5 -1.486087
0.3061224 0.3265306 5 -1.32497
0.3061224 0.3469388 5 -1.132008
0.3061224 0.3673469 5 -0.919821
0.3061224 0.3877551 5 -0.7022894
0.3061224 0.4081633 5 -0.4936415
0.3061224 0.4285714 5 -0.3075253
0.3061224 0.4489796 5 -0.1561145
0.3061224 0.4693878 5 -0.04931303
0.3061224 0.4897959 5 0.005893237
0.3061224 0.5102041 5 0.005893237
0.3061224 0.5306122 5 -0.04931303
0.3061224 0.5510204 5 -0.1561145
0.3061224 0.5714286 5 -0.3075253
0.3061224 0.5918367 5 -0.4936415
0.3061224 0.6122449 5 -0.7022894
0.3061224 0.6326531 5 -0.919821
0.3061224 0.6530612 5 -1.132008
0.3061224 0.6734694 5 -1.32497
0.3061224 0.6938776 5 -1.486087
0.3061224 0.7142857 5 -1.604819
0.3061224 0.7346939 5 -1.6734
0.3061224 0.755102 5 -1.687345
0.3061224 0.7755102 5 -1.64574
0.3061224 0.7959184 5 -1.551308
0.3061224 0.8163265 5 -1.410226
0.3061224 0.8367347 5 -1.231721
0.3061224 0.8571429 5 -1.027469
0.3061224 0.877551 5 -0.8108313
0.3061224 0.8979592 5 -0.5959776
0.3061224 0.9183673 5 -0.3969616
0.3061224 0.9387755 5 -0.2268011
0.3061224 0.9591837 5 -0.09662623
0.3061224 0.9795918 5 -0.01495181
0.3061224 1 5 0.01287982
0.3265306 0 5 0.1944323
0.3265306 0.02040816 5 0.1666007
0.3265306 0.04081633 5 0.08492623
0.3265306 0.06122449 5 -0.04524863
0.3265306 0.08163265 5 -0.2154092
0.3265306 0.1020408 5 -0.4144251
0.3265306 0.122449 5 -0.6292788
0.3265306 0.1428571 5 -0.8459166
0.3265306 0.1632653 5 -1.050168
0.3265306 0.1836735 5 -1.228673
0.3265306 0.2040816 5 -1.369756
0.3265306 0.2244898 5 -1.464188
0.3265306 0.244898 5 -1.505792
0.3265306 0.2653061 5 -1.491848
0.3265306 0.2857143 5 -1.423267
0.3265306 0.3061224 5 -1.304535
0.3265306 0.3265306 5 -1.143418
0.3265306 0.3469388 5 -0.9504553
0.3265306 0.3673469 5 -0.7382686
0.3265306 0.3877551 5 -0.5207369
0.3265306 0.4081633 5 -0.3120891
0.3265306 0.4285714 5 -0.1259728
0.3265306 0.4489796 5 0.02543795
0.3265306 0.4693878 5 0.1322394
0.3265306 0.4897959 5 0.1874457
0.3265306 0.5102041 5 0.1874457
0.3265306 0.5306122 5 0.1322394
0.3265306 0.5510204 5 0.02543795
0.3265306 0.5714286 5 -0.1259728
0.3265306 0.5918367 5 -0.3120891
0.3265306 0.6122449 5 -0.5207369
0.3265306 0.6326531 5 -0.7382686
0.3265306 0.6530612 5 -0.9504553
0.3265306 0.6734694 5 -1.143418
0.3265306 0.6938776 5 -1.304535
0.3265306 0.7142857 5 -1.423267
0.3265306 0.7346939 5 -1.491848
0.3265306 0.755102 5 -1.505792
0.3265306 0.7755102 5 -1.464188
0.3265306 0.7959184 5 -1.369756
0.3265306 0.8163265 5 -1.228673
0.3265306 0.8367347 5 -1.050168
0.3265306 0.8571429 5 -0.8459166
0.3265306 0.877551 5 -0.6292788
0.3265306 0.8979592 5 -0.4144251
0.3265306 0.9183673 5 -0.2154092
0.3265306 0.9387755 5 -0.04524863
0.3265306 0.9591837 5 0.08492623
0.3265306 0.9795918 5 0.1666007
0.3265306 1 5 0.1944323
0.3469388 0 5 0.4118699
0.3469388 0.02040816 5 0.3840383
0.3469388 0.04081633 5 0.3023639
0.3469388 0.06122449 5 0.172189
0.3469388 0.08163265 5 0.002028454
0.3469388 0.1020408 5 -0.1969875
0.3469388 0.122449 5 -0.4118412
0.3469388 0.1428571 5 -0.628479
0.3469388 0.1632653 5 -0.8327305
0.3469388 0.1836735 5 -1.011236
0.3469388 0.2040816 5 -1.152318
0.3469388 0.2244898 5 -1.24675
0.3469388 0.244898 5 -1.288355
0.3469388 0.2653061 5 -1.27441
0.3469388 0.2857143 5 -1.205829
0.3469388 0.3061224 5 -1.087097
0.3469388 0.3265306 5 -0.9259802
0.3469388 0.3469388 5 -0.7330177
0.3469388 0.3673469 5 -0.520831
0.3469388 0.3877551 5 -0.3032993
0.3469388 0.4081633 5 -0.09465147
0.3469388 0.4285714 5 0.09146479
0.3469388 0.4489796 5 0.2428756
0.3469388 0.4693878 5 0.349677
0.3469388 0.4897959 5 0.4048833
0.3469388 0.5102041 5 0.4048833
0.3469388 0.5306122 5 0.349677
0.3469388 0.5510204 5 0.2428756
0.3469388 0.5714286 5 0.09146479
0.3469388 0.5918367 5 -0.09465147
0.3469388 0.6122449 5 -0.3032993
0.3469388 0.6326531 5 -0.520831
0.3469388 0.6530612 5 -0.7330177
0.3469388 0.6734694 5 -0.9259802
0.3469388 0.6938776 5 -1.087097
0.3469388 0.7142857 5 -1.205829
0.3469388 0.7346939 5 -1.27441
0.3469388 0.755102 5 -1.288355
0.3469388 0.7755102 5 -1.24675
0.3469388 0.7959184 5 -1.152318
0.3469388 0.8163265 5 -1.011236
0.3469388 0.8367347 5 -0.8327305
0.3469388 0.8571429 5 -0.628479
0.3469388 0.877551 5 -0.4118412
0.3469388 0.8979592 5 -0.1969875
0.3469388 0.9183673 5 0.002028454
0.3469388 0.9387755 5 0.172189
0.3469388 0.9591837 5 0.3023639
0.3469388 0.9795918 5 0.3840383
0.3469388 1 5 0.4118699
0.3673469 0 5 0.65097
0.3673469 0.02040816 5 0.6231384
0.3673469 0.04081633 5 0.541464
0.3673469 0.06122449 5 0.4112891
0.3673469 0.08163265 5 0.2411286
0.3673469 0.1020408 5 0.04211262
0.3673469 0.122449 5 -0.1727411
0.3673469 0.1428571 5 -0.3893789
0.3673469 0.1632653 5 -0.5936304
0.3673469 0.1836735 5 -0.7721355
0.3673469 0.2040816 5 -0.9132182
0.3673469 0.2244898 5 -1.00765
0.3673469 0.244898 5 -1.049255
0.3673469 0.2653061 5 -1.03531
0.3673469 0.2857143 5 -0.9667289
0.3673469 0.3061224 5 -0.8479968
0.3673469 0.3265306 5 -0.6868801
0.3673469 0.3469388 5 -0.4939175
0.3673469 0.3673469 5 -0.2817308
0.3673469 0.3877551 5 -0.06419916
0.3673469 0.4081633 5 0.1444487
0.3673469 0.4285714 5 0.3305649
0.3673469 0.4489796 5 0.4819757
0.3673469 0.4693878 5 0.5887772
0.3673469 0.4897959 5 0.6439834
0.3673469 0.5102041 5 0.6439834
0.3673469 0.5306122 5 0.5887772
0.3673469 0.5510204 5 0.4819757
0.3673469 0.5714286 5 0.3305649
0.3673469 0.5918367 5 0.1444487
0.3673469 0.6122449 5 -0.06419916
0.3673469 0.6326531 5 -0.2817308
0.3673469 0.6530612 5 -0.4939175
0.3673469 0.6734694 5 -0.6868801
0.3673469 0.6938776 5 -0.8479968
0.3673469 0.7142857 5 -0.9667289
0.3673469 0.7346939 5 -1.03531
0.3673469 0.755102 5 -1.049255
0.3673469 0.7755102 5 -1.00765
0.3673469 0.7959184 5 -0.9132182
0.3673469 0.8163265 5 -0.7721355
0.3673469 0.8367347 5 -0.5936304
0.3673469 0.8571429 5 -0.3893789
0.3673469 0.877551 5 -0.1727411
0.3673469 0.8979592 5 0.04211262
0.3673469 0.9183673 5 0.2411286
0.3673469 0.9387755 5 0.4112891
0.3673469 0.9591837 5 0.541464
0.3673469 0.9795918 5 0.6231384
0.3673469 1 5 0.65097
0.3877551 0 5 0.8960931
0.3877551 0.02040816 5 0.8682614
0.3877551 0.04081633 5 0.786587
0.3877551 0.06122449 5 0.6564121
0.3877551 0.08163265 5 0.4862516
0.3877551 0.1020408 5 0.2872356
0.3877551 0.122449 5 0.07238196
0.3877551 0.1428571 5 -0.1442558
0.3877551 0.1632653 5 -0.3485074
0.3877551 0.1836735 5 -0.5270125
0.3877551 0.2040816 5 -0.6680952
0.3877551 0.2244898 5 -0.7625272
0.3877551 0.244898 5 -0.8041316
0.3877551 0.2653061 5 -0.7901872
0.3877551 0.2857143 5 -0.7216059
0.3877551 0.3061224 5 -0.6028738
0.3877551 0.3265306 5 -0.4417571
0.3877551 0.3469388 5 -0.2487945
0.3877551 0.3673469 5 -0.03660781
0.3877551 0.3877551 5 0.1809239
0.3877551 0.4081633 5 0.3895717
0.3877551 0.4285714 5 0.5756879
0.3877551 0.4489796 5 0.7270987
0.3877551 0.4693878 5 0.8339002
0.3877551 0.4897959 5 0.8891065
0.3877551 0.5102041 5 0.8891065
0.3877551 0.5306122 5 0.8339002
0.3877551 0.5510204 5 0.7270987
0.3877551 0.5714286 5 0.5756879
0.3877551 0.5918367 5 0.3895717
0.3877551 0.6122449 5 0.1809239
0.3877551 0.6326531 5 -0.03660781
0.3877551 0.6530612 5 -0.2487945
0.3877551 0.6734694 5 -0.4417571
0.3877551 0.6938776 5 -0.6028738
0.3877551 0.7142857 5 -0.7216059
0.3877551 0.7346939 5 -0.7901872
0.3877551 0.755102 5 -0.8041316
0.3877551 0.7755102 5 -0.7625272
0.3877551 0.7959184 5 -0.6680952
0.3877551 0.8163265 5 -0.5270125
0.3877551 0.8367347 5 -0.3485074
0.3877551 0.8571429 5 -0.1442558
0.3877551 0.877551 5 0.07238196
0.3877551 0.8979592 5 0.2872356
0.3877551 0.9183673 5 0.4862516
0.3877551 0.9387755 5 0.6564121
0.3877551 0.9591837 5 0.786587
0.3877551 0.9795918 5 0.8682614
0.3877551 1 5 0.8960931
0.4081633 0 5 1.131205
0.4081633 0.02040816 5 1.103374
0.4081633 0.04081633 5 1.021699
0.4081633 0.06122449 5 0.8915245
0.4081633 0.08163265 5 0.721364
0.4081633 0.1020408 5 0.522348
0.4081633 0.122449 5 0.3074943
0.4081633 0.1428571 5 0.09085653
0.4081633 0.1632653 5 -0.113395
0.4081633 0.1836735 5 -0.2919002
0.4081633 0.2040816 5 -0.4329829
0.4081633 0.2244898 5 -0.5274148
0.4081633 0.244898 5 -0.5690193
0.4081633 0.2653061 5 -0.5550748
0.4081633 0.2857143 5 -0.4864935
0.4081633 0.3061224 5 -0.3677614
0.4081633 0.3265306 5 -0.2066447
0.4081633 0.3469388 5 -0.01368216
0.4081633 0.3673469 5 0.1985046
0.4081633 0.3877551 5 0.4160362
0.4081633 0.4081633 5 0.624684
0.4081633 0.4285714 5 0.8108003
0.4081633 0.4489796 5 0.9622111
0.4081633 0.4693878 5 1.069013
0.4081633 0.4897959 5 1.124219
0.4081633 0.5102041 5 1.124219
0.4081633 0.5306122 5 1.069013
0.4081633 0.5510204 5 0.9622111
0.4081633 0.5714286 5 0.8108003
0.4081633 0.5918367 5 0.624684
0.4081633 0.6122449 5 0.4160362
0.4081633 0.6326531 5 0.1985046
0.4081633 0.6530612 5 -0.01368216
0.4081633 0.6734694 5 -0.2066447
0.4081633 0.6938776 5 -0.3677614
0.4081633 0.7142857 5 -0.4864935
0.4081633 0.7346939 5 -0.5550748
0.4081633 0.755102 5 -0.5690193
0.4081633 0.7755102 5 -0.5274148
0.4081633 0.7959184 5 -0.4329829
0.4081633 0.8163265 5 -0.2919002
0.4081633 0.8367347 5 -0.113395
0.4081633 0.8571429 5 0.09085653
0.4081633 0.877551 5 0.3074943
0.4081633 0.8979592 5 0.522348
0.4081633 0.9183673 5 0.721364
0.4081633 0.9387755 5 0.8915245
0.4081633 0.9591837 5 1.021699
0.4081633 0.9795918 5 1.103374
0.4081633 1 5 1.131205
0.4285714 0 5 1.340928
0.4285714 0.02040816 5 1.313097
0.4285714 0.04081633 5 1.231422
0.4285714 0.06122449 5 1.101247
0.4285714 0.08163265 5 0.9310869
0.4285714 0.1020408 5 0.7320709
0.4285714 0.122449 5 0.5172172
0.4285714 0.1428571 5 0.3005795
0.4285714 0.1632653 5 0.09632792
0.4285714 0.1836735 5 -0.08217723
0.4285714 0.2040816 5 -0.2232599
0.4285714 0.2244898 5 -0.3176919
0.4285714 0.244898 5 -0.3592963
0.4285714 0.2653061 5 -0.3453519
0.4285714 0.2857143 5 -0.2767706
0.4285714 0.3061224 5 -0.1580385
0.4285714 0.3265306 5 0.003078201
0.4285714 0.3469388 5 0.1960408
0.4285714 0.3673469 5 0.4082275
0.4285714 0.3877551 5 0.6257592
0.4285714 0.4081633 5 0.834407
0.4285714 0.4285714 5 1.020523
0.4285714 0.4489796 5 1.171934
0.4285714 0.4693878 5 1.278735
0.4285714 0.4897959 5 1.333942
0.4285714 0.5102041 5 1.333942
0.4285714 0.5306122 5 1.278735
0.4285714 0.5510204 5 1.171934
0.4285714 0.5714286 5 1.020523
0.4285714 0.5918367 5 0.834407
0.4285714 0.6122449 5 0.6257592
0.4285714 0.6326531 5 0.4082275
0.4285714 0.6530612 5 0.1960408
0.4285714 0.6734694 5 0.003078201
0.4285714 0.6938776 5 -0.1580385
0.4285714 0.7142857 5 -0.2767706
0.4285714 0.7346939 5 -0.3453519
0.4285714 0.755102 5 -0.3592963
0.4285714 0.7755102 5 -0.3176919
0.4285714 0.7959184 5 -0.2232599
0.4285714 0.8163265 5 -0.08217723
0.4285714 0.8367347 5 0.09632792
0.4285714 0.8571429 5 0.3005795
0.4285714 0.877551 5 0.5172172
0.4285714 0.8979592 5 0.7320709
0.4285714 0.9183673 5 0.9310869
0.4285714 0.9387755 5 1.101247
0.4285714 0.9591837 5 1.231422
0.4285714 0.9795918 5 1.313097
0.4285714 1 5 1.340928
0.4489796 0 5 1.511544
0.4489796 0.02040816 5 1.483712
0.4489796 0.04081633 5 1.402038
0.4489796 0.06122449 5 1.271863
0.4489796 0.08163265 5 1.101702
0.4489796 0.1020408 5 0.9026864
0.4489796 0.122449 5 0.6878327
0.4489796 0.1428571 5 0.4711949
0.4489796 0.1632653 5 0.2669434
0.4489796 0.1836735 5 0.08843824
0.4489796 0.2040816 5 -0.05264445
0.4489796 0.2244898 5 -0.1470764
0.4489796 0.244898 5 -0.1886809
0.4489796 0.2653061 5 -0.1747364
0.4489796 0.2857143 5 -0.1061551
0.4489796 0.3061224 5 0.01257698
0.4489796 0.3265306 5 0.1736937
0.4489796 0.3469388 5 0.3666562
0.4489796 0.3673469 5 0.578843
0.4489796 0.3877551 5 0.7963746
0.4489796 0.4081633 5 1.005022
0.4489796 0.4285714 5 1.191139
0.4489796 0.4489796 5 1.342549
0.4489796 0.4693878 5 1.449351
0.4489796 0.4897959 5 1.504557
0.4489796 0.5102041 5 1.504557
0.4489796 0.5306122 5 1.449351
0.4489796 0.5510204 5 1.342549
0.4489796 0.5714286 5 1.191139
0.4489796 0.5918367 5 1.005022
0.4489796 0.6122449 5 0.7963746
0.4489796 0.6326531 5 0.578843
0.4489796 0.6530612 5 0.3666562
0.4489796 0.6734694 5 0.1736937
0.4489796 0.6938776 5 0.01257698
0.4489796 0.7142857 5 -0.1061551
0.4489796 0.7346939 5 -0.1747364
0.4489796 0.755102 5 -0.1886809
0.4489796 0.7755102 5 -0.1470764
0.4489796 0.7959184 5 -0.05264445
0.4489796 0.8163265 5 0.08843824
0.4489796 0.8367347 5 0.2669434
0.4489796 0.8571429 5 0.4711949
0.4489796 0.877551 5 0.6878327
0.4489796 0.8979592 5 0.9026864
0.4489796 0.9183673 5 1.101702
0.4489796 0.9387755 5 1.271863
0.4489796 0.9591837 5 1.402038
0.4489796 0.9795918 5 1.483712
0.4489796 1 5 1.511544
0.4693878 0 5 1.631892
0.4693878 0.02040816 5 1.60406
0.4693878 0.04081633 5 1.522386
0.4693878 0.06122449 5 1.392211
0.4693878 0.08163265 5 1.22205
0.4693878 0.1020408 5 1.023034
0.4693878 0.122449 5 0.8081807
0.4693878 0.1428571 5 0.5915429
0.4693878 0.1632653 5 0.3872914
0.4693878 0.1836735 5 0.2087862
0.4693878 0.2040816 5 0.06770355
0.4693878 0.2244898 5 -0.02672842
0.4693878 0.244898 5 -0.06833285
0.4693878 0.2653061 5 -0.05438839
0.4693878 0.2857143 5 0.01419287
0.4693878 0.3061224 5 0.132925
0.4693878 0.3265306 5 0.2940417
0.4693878 0.3469388 5 0.4870042
0.4693878 0.3673469 5 0.699191
0.4693878 0.3877551 5 0.9167226
0.4693878 0.4081633 5 1.12537
0.4693878 0.4285714 5 1.311487
0.4693878 0.4489796 5 1.462897
0.4693878 0.4693878 5 1.569699
0.4693878 0.4897959 5 1.624905
0.4693878 0.5102041 5 1.624905
0.4693878 0.5306122 5 1.569699
0.4693878 0.5510204 5 1.462897
0.4693878 0.5714286 5 1.311487
0.4693878 0.5918367 5 1.12537
0.4693878 0.6122449 5 0.9167226
0.4693878 0.6326531 5 0.699191
0.4693878 0.6530612 5 0.4870042
0.4693878 0.6734694 5 0.2940417
0.4693878 0.6938776 5 0.132925
0.4693878 0.7142857 5 0.01419287
0.4693878 0.7346939 5 -0.05438839
0.4693878 0.755102 5 -0.06833285
0.4693878 0.7755102 5 -0.02672842
0.4693878 0.7959184 5 0.06770355
0.4693878 0.8163265 5 0.2087862
0.4693878 0.8367347 5 0.3872914
0.4693878 0.8571429 5 0.5915429
0.4693878 0.877551 5 0.8081807
0.4693878 0.8979592 5 1.023034
0.4693878 0.9183673 5 1.22205
0.4693878 0.9387755 5 1.392211
0.4693878 0.9591837 5 1.522386
0.4693878 0.9795918 5 1.60406
0.4693878 1 5 1.631892
0.4897959 0 5 1.6941
0.4897959 0.02040816 5 1.666269
0.4897959 0.04081633 5 1.584594
0.4897959 0.06122449 5 1.454419
0.4897959 0.08163265 5 1.284259
0.4897959 0.1020408 5 1.085243
0.4897959 0.122449 5 0.8703893
0.4897959 0.1428571 5 0.6537515
0.4897959 0.1632653 5 0.4494999
0.4897959 0.1836735 5 0.2709948
0.4897959 0.2040816 5 0.1299121
0.4897959 0.2244898 5 0.03548012
0.4897959 0.244898 5 -0.006124312
0.4897959 0.2653061 5 0.007820154
0.4897959 0.2857143 5 0.07640141
0.4897959 0.3061224 5 0.1951335
0.4897959 0.3265306 5 0.3562502
0.4897959 0.3469388 5 0.5492128
0.4897959 0.3673469 5 0.7613995
0.4897959 0.3877551 5 0.9789312
0.4897959 0.4081633 5 1.187579
0.4897959 0.4285714 5 1.373695
0.4897959 0.4489796 5 1.525106
0.4897959 0.4693878 5 1.631908
0.4897959 0.4897959 5 1.687114
0.4897959 0.5102041 5 1.687114
0.4897959 0.5306122 5 1.631908
0.4897959 0.5510204 5 1.525106
0.4897959 0.5714286 5 1.373695
0.4897959 0.5918367 5 1.187579
0.4897959 0.6122449 5 0.9789312
0.4897959 0.6326531 5 0.7613995
0.4897959 0.6530612 5 0.5492128
0.4897959 0.6734694 5 0.3562502
0.4897959 0.6938776 5 0.1951335
0.4897959 0.7142857 5 0.07640141
0.4897959 0.7346939 5 0.007820154
0.4897959 0.755102 5 -0.006124312
0.4897959 0.7755102 5 0.03548012
0.4897959 0.7959184 5 0.1299121
0.4897959 0.8163265 5 0.2709948
0.4897959 0.8367347 5 0.4494999
0.4897959 0.8571429 5 0.6537515
0.4897959 0.877551 5 0.8703893
0.4897959 0.8979592 5 1.085243
0.4897959 0.9183673 5 1.284259
0.4897959 0.9387755 5 1.454419
0.4897959 0.9591837 5 1.584594
0.4897959 0.9795918 5 1.666269
0.4897959 1 5 1.6941
0.5102041 0 5 1.6941
0.5102041 0.02040816 5 1.666269
0.5102041 0.04081633 5 1.584594
0.5102041 0.06122449 5 1.454419
0.5102041 0.08163265 5 1.284259
0.5102041 0.1020408 5 1.085243
0.5102041 0.122449 5 0.8703893
0.5102041 0.1428571 5 0.6537515
0.5102041 0.1632653 5 0.4494999
0.5102041 0.1836735 5 0.2709948
0.5102041 0.2040816 5 0.1299121
0.5102041 0.2244898 5 0.03548012
0.5102041 0.244898 5 -0.006124312
0.5102041 0.2653061 5 0.007820154
0.5102041 0.2857143 5 0.07640141
0.5102041 0.3061224 5 0.1951335
0.5102041 0.3265306 5 0.3562502
0.5102041 0.3469388 5 0.5492128
0.5102041 0.3673469 5 0.7613995
0.5102041 0.3877551 5 0.9789312
0.5102041 0.4081633 5 1.187579
0.5102041 0.4285714 5 1.373695
0.5102041 0.4489796 5 1.525106
0.5102041 0.4693878 5 1.631908
0.5102041 0.4897959 5 1.687114
0.5102041 0.5102041 5 1.687114
0.5102041 0.5306122 5 1.631908
0.5102041 0.5510204 5 1.525106
0.5102041 0.5714286 5 1.373695
0.5102041 0.5918367 5 1.187579
0.5102041 0.6122449 5 0.9789312
0.5102041 0.6326531 5 0.7613995
0.5102041 0.6530612 5 0.5492128
0.5102041 0.6734694 5 0.3562502
0.5102041 0.6938776 5 0.1951335
0.5102041 0.7142857 5 0.07640141
0.5102041 0.7346939 5 0.007820154
0.5102041 0.755102 5 -0.006124312
0.5102041 0.7755102 5 0.03548012
0.5102041 0.7959184 5 0.1299121
0.5102041 0.8163265 5 0.2709948
0.5102041 0.8367347 5 0.4494999
0.5102041 0.8571429 5 0.6537515
0.5102041 0.877551 5 0.8703893
0.5102041 0.8979592 5 1.085243
0.5102041 0.9183673 5 1.284259
0.5102041 0.9387755 5 1.454419
0.5102041 0.9591837 5 1.584594
0.5102041 0.9795918 5 1.666269
0.5102041 1 5 1.6941
0.5306122 0 5 1.631892
0.5306122 0.02040816 5 1.60406
0.5306122 0.04081633 5 1.522386
0.5306122 0.06122449 5 1.392211
0.5306122 0.08163265 5 1.22205
0.5306122 0.1020408 5 1.023034
0.5306122 0.122449 5 0.8081807
0.5306122 0.1428571 5 0.5915429
0.5306122 0.1632653 5 0.3872914
0.5306122 0.1836735 5 0.2087862
0.5306122 0.2040816 5 0.06770355
0.5306122 0.2244898 5 -0.02672842
0.5306122 0.244898 5 -0.06833285
0.5306122 0.2653061 5 -0.05438839
0.5306122 0.2857143 5 0.01419287
0.5306122 0.3061224 5 0.132925
0.5306122 0.3265306 5 0.2940417
0.5306122 0.3469388 5 0.4870042
0.5306122 0.3673469 5 0.699191
0.5306122 0.3877551 5 0.9167226
0.5306122 0.4081633 5 1.12537
0.5306122 0.4285714 5 1.311487
0.5306122 0.4489796 5 1.462897
0.5306122 0.4693878 5 1.569699
0.5306122 0.4897959 5 1.624905
0.5306122 0.5102041 5 1.624905
0.5306122 0.5306122 5 1.569699
0.5306122 0.5510204 5 1.462897
0.5306122 0.5714286 5 1.311487
0.5306122 0.5918367 5 1.12537
0.5306122 0.6122449 5 0.9167226
0.5306122 0.6326531 5 0.699191
0.5306122 0.6530612 5 0.4870042
0.5306122 0.6734694 5 0.2940417
0.5306122 0.6938776 5 0.132925
0.5306122 0.7142857 5 0.01419287
0.5306122 0.7346939 5 -0.05438839
0.5306122 0.755102 5 -0.06833285
0.5306122 0.7755102 5 -0.02672842
0.5306122 0.7959184 5 0.06770355
0.5306122 0.8163265 5 0.2087862
0.5306122 0.8367347 5 0.3872914
0.5306122 0.8571429 5 0.5915429
0.5306122 0.877551 5 0.8081807
0.5306122 0.8979592 5 1.023034
0.5306122 0.9183673 5 1.22205
0.5306122 0.9387755 5 1.392211
0.5306122 0.9591837 5 1.522386
0.5306122 0.9795918 5 1.60406
0.5306122 1 5 1.631892
0.5510204 0 5 1.511544
0.5510204 0.02040816 5 1.483712
0.5510204 0.04081633 5 1.402038
0.5510204 0.06122449 5 1.271863
0.5510204 0.08163265 5 1.101702
0.5510204 0.1020408 5 0.9026864
0.5510204 0.122449 5 0.6878327
0.5510204 0.1428571 5 0.4711949
0.5510204 0.1632653 5 0.2669434
0.5510204 0.1836735 5 0.08843824
0.5510204 0.2040816 5 -0.05264445
0.5510204 0.2244898 5 -0.1470764
0.5510204 0.244898 5 -0.1886809
0.5510204 0.2653061 5 -0.1747364
0.5510204 0.2857143 5 -0.1061551
0.5510204 0.3061224 5 0.01257698
0.5510204 0.3265306 5 0.1736937
0.5510204 0.3469388 5 0.3666562
0.5510204 0.3673469 5 0.578843
0.5510204 0.3877551 5 0.7963746
0.5510204 0.4081633 5 1.005022
0.5510204 0.4285714 5 1.191139
0.5510204 0.4489796 5 1.342549
0.5510204 0.4693878 5 1.449351
0.5510204 0.4897959 5 1.504557
0.5510204 0.5102041 5 1.504557
0.5510204 0.5306122 5 1.449351
0.5510204 0.5510204 5 1.342549
0.5510204 0.5714286 5 1.191139
0.5510204 0.5918367 5 1.005022
0.5510204 0.6122449 5 0.7963746
0.5510204 0.6326531 5 0.578843
0.5510204 0.6530612 5 0.3666562
0.5510204 0.6734694 5 0.1736937
0.5510204 0.6938776 5 0.01257698
0.5510204 0.7142857 5 -0.1061551
0.5510204 0.7346939 5 -0.1747364
0.5510204 0.755102 5 -0.1886809
0.5510204 0.7755102 5 -0.1470764
0.5510204 0.7959184 5 -0.05264445
0.5510204 0.8163265 5 0.08843824
0.5510204 0.8367347 5 0.2669434
0.5510204 0.8571429 5 0.4711949
0.5510204 0.877551 5 0.6878327
0.5510204 0.8979592 5 0.9026864
0.5510204 0.9183673 5 1.101702
0.5510204 0.9387755 5 1.271863
0.5510204 0.9591837 5 1.402038
0.5510204 0.9795918 5 1.483712
0.5510204 1 5 1.511544
0.5714286 0 5 1.340928
0.5714286 0.02040816 5 1.313097
0.5714286 0.04081633 5 1.231422
0.5714286 0.06122449 5 1.101247
0.5714286 0.08163265 5 0.9310869
0.5714286 0.1020408 5 0.7320709
0.5714286 0.122449 5 0.5172172
0.5714286 0.1428571 5 0.3005795
0.5714286 0.1632653 5 0.09632792
0.5714286 0.1836735 5 -0.08217723
0.5714286 0.2040816 5 -0.2232599
0.5714286 0.2244898 5 -0.3176919
0.5714286 0.244898 5 -0.3592963
0.5714286 0.2653061 5 -0.3453519
0.5714286 0.2857143 5 -0.2767706
0.5714286 0.3061224 5 -0.1580385
0.5714286 0.3265306 5 0.003078201
0.5714286 0.3469388 5 0.1960408
0.5714286 0.3673469 5 0.4082275
0.5714286 0.3877551 5 0.6257592
0.5714286 0.4081633 5 0.834407
0.5714286 0.4285714 5 1.020523
0.5714286 0.4489796 5 1.171934
0.5714286 0.4693878 5 1.278735
0.5714286 0.4897959 5 1.333942
0.5714286 0.5102041 5 1.333942
0.5714286 0.5306122 5 1.278735
0.5714286 0.5510204 5 1.171934
0.5714286 0.5714286 5 1.020523
0.5714286 0.5918367 5 0.834407
0.5714286 0.6122449 5 0.6257592
0.5714286 0.6326531 5 0.4082275
0.5714286 0.6530612 5 0.1960408
0.5714286 0.6734694 5 0.003078201
0.5714286 0.6938776 5 -0.1580385
0.5714286 0.7142857 5 -0.2767706
0.5714286 0.7346939 5 -0.3453519
0.5714286 0.755102 5 -0.3592963
0.5714286 0.7755102 5 -0.3176919
0.5714286 0.7959184 5 -0.2232599
0.5714286 0.8163265 5 -0.08217723
0.5714286 0.8367347 5 0.09632792
0.5714286 0.8571429 5 0.3005795
0.5714286 0.877551 5 0.5172172
0.5714286 0.8979592 5 0.7320709
0.5714286 0.9183673 5 0.9310869
0.5714286 0.9387755 5 1.101247
0.5714286 0.9591837 5 1.231422
0.5714286 0.9795918 5 1.313097
0.5714286 1 5 1.340928
0.5918367 0 5 1.131205
0.5918367 0.02040816 5 1.103374
0.5918367 0.04081633 5 1.021699
0.5918367 0.06122449 5 0.8915245
0.5918367 0.08163265 5 0.721364
0.5918367 0.1020408 5 0.522348
0.5918367 0.122449 5 0.3074943
0.5918367 0.1428571 5 0.09085653
0.5918367 0.1632653 5 -0.113395
0.5918367 0.1836735 5 -0.2919002
0.5918367 0.2040816 5 -0.4329829
0.5918367 0.2244898 5 -0.5274148
0.5918367 0.244898 5 -0.5690193
0.5918367 0.2653061 5 -0.5550748
0.5918367 0.2857143 5 -0.4864935
0.5918367 0.3061224 5 -0.3677614
0.5918367 0.3265306 5 -0.2066447
0.5918367 0.3469388 5 -0.01368216
0.5918367 0.3673469 5 0.1985046
0.5918367 0.3877551 5 0.4160362
0.5918367 0.4081633 5 0.624684
0.5918367 0.4285714 5 0.8108003
0.5918367 0.4489796 5 0.9622111
0.5918367 0.4693878 5 1.069013
0.5918367 0.4897959 5 1.124219
0.5918367 0.5102041 5 1.124219
0.5918367 0.5306122 5 1.069013
0.5918367 0.5510204 5 0.9622111
0.5918367 0.5714286 5 0.8108003
0.5918367 0.5918367 5 0.624684
0.5918367 0.6122449 5 0.4160362
0.5918367 0.6326531 5 0.1985046
0.5918367 0.6530612 5 -0.01368216
0.5918367 0.6734694 5 -0.2066447
0.5918367 0.6938776 5 -0.3677614
0.5918367 0.7142857 5 -0.4864935
0.5918367 0.7346939 5 -0.5550748
0.5918367 0.755102 5 -0.5690193
0.5918367 0.7755102 5 -0.5274148
0.5918367 0.7959184 5 -0.4329829
0.5918367 0.8163265 5 -0.2919002
0.5918367 0.8367347 5 -0.113395
0.5918367 0.8571429 5 0.09085653
0.5918367 0.877551 5 0.3074943
0.5918367 0.8979592 5 0.522348
0.5918367 0.9183673 5 0.721364
0.5918367 0.9387755 5 0.8915245
0.5918367 0.9591837 5 1.021699
0.5918367 0.9795918 5 1.103374
0.5918367 1 5 1.131205
0.6122449 0 5 0.8960931
0.6122449 0.02040816 5 0.8682614
0.6122449 0.04081633 5 0.786587
0.6122449 0.06122449 5 0.6564121
0.6122449 0.08163265 5 0.4862516
0.6122449 0.1020408 5 0.2872356
0.6122449 0.122449 5 0.07238196
0.6122449 0.1428571 5 -0.1442558
0.6122449 0.1632653 5 -0.3485074
0.6122449 0.1836735 5 -0.5270125
0.6122449 0.2040816 5 -0.6680952
0.6122449 0.2244898 5 -0.7625272
0.6122449 0.244898 5 -0.8041316
0.6122449 0.2653061 5 -0.7901872
0.6122449 0.2857143 5 -0.7216059
0.6122449 0.3061224 5 -0.6028738
0.6122449 0.3265306 5 -0.4417571
0.6122449 0.3469388 5 -0.2487945
0.6122449 0.3673469 5 -0.03660781
0.6122449 0.3877551 5 0.1809239
0.6122449 0.4081633 5 0.3895717
0.6122449 0.4285714 5 0.5756879
0.6122449 0.4489796 5 0.7270987
0.6122449 0.4693878 5 0.8339002
0.6122449 0.4897959 5 0.8891065
0.6122449 0.5102041 5 0.8891065
0.6122449 0.5306122 5 0.8339002
0.6122449 0.5510204 5 0.7270987
0.6122449 0.5714286 5 0.5756879
0.6122449 0.5918367 5 0.3895717
0.6122449 0.6122449 5 0.1809239
0.6122449 0.6326531 5 -0.03660781
0.6122449 0.6530612 5 -0.2487945
0.6122449 0.6734694 5 -0.4417571
0.6122449 0.6938776 5 -0.6028738
0.6122449 0.7142857 5 -0.7216059
0.6122449 0.7346939 5 -0.7901872
0.6122449 0.755102 5 -0.8041316
0.6122449 0.7755102 5 -0.7625272
0.6122449 0.7959184 5 -0.6680952
0.6122449 0.8163265 5 -0.5270125
0.6122449 0.8367347 5 -0.3485074
0.6122449 0.8571429 5 -0.1442558
0.6122449 0.877551 5 0.07238196
0.6122449 0.8979592 5 0.2872356
0.6122449 0.9183673 5 0.4862516
0.6122449 0.9387755 5 0.6564121
0.6122449 0.9591837 5 0.786587
0.6122449 0.9795918 5 0.8682614
0.6122449 1 5 0.8960931
0.6326531 0 5 0.65097
0.6326531 0.02040816 5 0.6231384
0.6326531 0.04081633 5 0.541464
0.6326531 0.06122449 5 0.4112891
0.6326531 0.08163265 5 0.2411286
0.6326531 0.1020408 5 0.04211262
0.6326531 0.122449 5 -0.1727411
0.6326531 0.1428571 5 -0.3893789
0.6326531 0.1632653 5 -0.5936304
0.6326531 0.1836735 5 -0.7721355
0.6326531 0.2040816 5 -0.9132182
0.6326531 0.2244898 5 -1.00765
0.6326531 0.244898 5 -1.049255
0.6326531 0.2653061 5 -1.03531
0.6326531 0.2857143 5 -0.9667289
0.6326531 0.3061224 5 -0.8479968
0.6326531 0.3265306 5 -0.6868801
0.6326531 0.3469388 5 -0.4939175
0.6326531 0.3673469 5 -0.2817308
0.6326531 0.3877551 5 -0.06419916
0.6326531 0.4081633 5 0.1444487
0.6326531 0.4285714 5 0.3305649
0.6326531 0.4489796 5 0.4819757
0.6326531 0.4693878 5 0.5887772
0.6326531 0.4897959 5 0.6439834
0.6326531 0.5102041 5 0.6439834
0.6326531 0.5306122 5 0.5887772
0.6326531 0.5510204 5 0.4819757
0.6326531 0.5714286 5 0.3305649
0.6326531 0.5918367 5 0.1444487
0.6326531 0.6122449 5 -0.06419916
0.6326531 0.6326531 5 -0.2817308
0.6326531 0.6530612 5 -0.4939175
0.6326531 0.6734694 5 -0.6868801
0.6326531 0.6938776 5 -0.8479968
0.6326531 0.7142857 5 -0.9667289
0.6326531 0.7346939 5 -1.03531
0.6326531 0.755102 5 -1.049255
0.6326531 0.7755102 5 -1.00765
0.6326531 0.7959184 5 -0.9132182
0.6326531 0.8163265 5 -0.7721355
0.6326531 0.8367347 5 -0.5936304
0.6326531 0.8571429 5 -0.3893789
0.6326531 0.877551 5 -0.1727411
0.6326531 0.8979592 5 0.04211262
0.6326531 0.9183673 5 0.2411286
0.6326531 0.9387755 5 0.4112891
0.6326531 0.9591837 5 0.541464
0.6326531 0.9795918 5 0.6231384
0.6326531 1 5 0.65097
0.6530612 0 5 0.4118699
0.6530612 0.02040816 5 0.3840383
0.6530612 0.04081633 5 0.3023639
0.6530612 0.06122449 5 0.172189
0.6530612 0.08163265 5 0.002028454
0.6530612 0.1020408 5 -0.1969875
0.6530612 0.122449 5 -0.4118412
0.6530612 0.1428571 5 -0.628479
0.6530612 0.1632653 5 -0.8327305
0.6530612 0.1836735 5 -1.011236
0.6530612 0.2040816 5 -1.152318
0.6530612 0.2244898 5 -1.24675
0.6530612 0.244898 5 -1.288355
0.6530612 0.2653061 5 -1.27441
0.6530612 0.2857143 5 -1.205829
0.6530612 0.3061224 5 -1.087097
0.6530612 0.3265306 5 -0.9259802
0.6530612 0.3469388 5 -0.7330177
0.6530612 0.3673469 5 -0.520831
0.6530612 0.3877551 5 -0.3032993
0.6530612 0.4081633 5 -0.09465147
0.6530612 0.4285714 5 0.09146479
0.6530612 0.4489796 5 0.2428756
0.6530612 0.4693878 5 0.349677
0.6530612 0.4897959 5 0.4048833
0.6530612 0.5102041 5 0.4048833
0.6530612 0.5306122 5 0.349677
0.6530612 0.5510204 5 0.2428756
0.6530612 0.5714286 5 0.09146479
0.6530612 0.5918367 5 -0.09465147
0.6530612 0.6122449 5 -0.3032993
0.6530612 0.6326531 5 -0.520831
0.6530612 0.6530612 5 -0.7330177
0.6530612 0.6734694 5 -0.9259802
0.6530612 0.6938776 5 -1.087097
0.6530612 0.7142857 5 -1.205829
0.6530612 0.7346939 5 -1.27441
0.6530612 0.755102 5 -1.288355
0.6530612 0.7755102 5 -1.24675
0.6530612 0.7959184 5 -1.152318
0.6530612 0.8163265 5 -1.011236
0.6530612 0.8367347 5 -0.8327305
0.6530612 0.8571429 5 -0.628479
0.6530612 0.877551 5 -0.4118412
0.6530612 0.8979592 5 -0.1969875
0.6530612 0.9183673 5 0.002028454
0.6530612 0.9387755 5 0.172189
0.6530612 0.9591837 5 0.3023639
0.6530612 0.9795918 5 0.3840383
0.6530612 1 5 0.4118699
0.6734694 0 5 0.1944323
0.6734694 0.02040816 5 0.1666007
0.6734694 0.04081633 5 0.08492623
0.6734694 0.06122449 5 -0.04524863
0.6734694 0.08163265 5 -0.2154092
0.6734694 0.1020408 5 -0.4144251
0.6734694 0.122449 5 -0.6292788
0.6734694 0.1428571 5 -0.8459166
0.6734694 0.1632653 5 -1.050168
0.6734694 0.1836735 5 -1.228673
0.6734694 0.2040816 5 -1.369756
0.6734694 0.2244898 5 -1.464188
0.6734694 0.244898 5 -1.505792
0.6734694 0.2653061 5 -1.491848
0.6734694 0.2857143 5 -1.423267
0.6734694 0.3061224 5 -1.304535
0.6734694 0.3265306 5 -1.143418
0.6734694 0.3469388 5 -0.9504553
0.6734694 0.3673469 5 -0.7382686
0.6734694 0.3877551 5 -0.5207369
0.6734694 0.4081633 5 -0.3120891
0.6734694 0.4285714 5 -0.1259728
0.6734694 0.4489796 5 0.02543795
0.6734694 0.4693878 5 0.1322394
0.6734694 0.4897959 5 0.1874457
0.6734694 0.5102041 5 0.1874457
0.6734694 0.5306122 5 0.1322394
0.6734694 0.5510204 5 0.02543795
0.6734694 0.5714286 5 -0.1259728
0.6734694 0.5918367 5 -0.3120891
0.6734694 0.6122449 5 -0.5207369
0.6734694 0.6326531 5 -0.7382686
0.6734694 0.6530612 5 -0.9504553
0.6734694 0.6734694 5 -1.143418
0.6734694 0.6938776 5 -1.304535
0.6734694 0.7142857 5 -1.423267
0.6734694 0.7346939 5 -1.491848
0.6734694 0.755102 5 -1.505792
0.6734694 0.7755102 5 -1.464188
0.6734694 0.7959184 5 -1.369756
0.6734694 0.8163265 5 -1.228673
0.6734694 0.8367347 5 -1.050168
0.6734694 0.8571429 5 -0.8459166
0.6734694 0.877551 5 -0.6292788
0.6734694 0.8979592 5 -0.4144251
0.6734694 0.9183673 5 -0.2154092
0.6734694 0.9387755 5 -0.04524863
0.6734694 0.9591837 5 0.08492623
0.6734694 0.9795918 5 0.1666007
0.6734694 1 5 0.1944323
0.6938776 0 5 0.01287982
0.6938776 0.02040816 5 -0.01495181
0.6938776 0.04081633 5 -0.09662623
0.6938776 0.06122449 5 -0.2268011
0.6938776 0.08163265 5 -0.3969616
0.6938776 0.1020408 5 -0.5959776
0.6938776 0.122449 5 -0.8108313
0.6938776 0.1428571 5 -1.027469
0.6938776 0.1632653 5 -1.231721
0.6938776 0.1836735 5 -1.410226
0.6938776 0.2040816 5 -1.551308
0.6938776 0.2244898 5 -1.64574
0.6938776 0.244898 5 -1.687345
0.6938776 0.2653061 5 -1.6734
0.6938776 0.2857143 5 -1.604819
0.6938776 0.3061224 5 -1.486087
0.6938776 0.3265306 5 -1.32497
0.6938776 0.3469388 5 -1.132008
0.6938776 0.3673469 5 -0.919821
0.6938776 0.3877551 5 -0.7022894
0.6938776 0.4081633 5 -0.4936415
0.6938776 0.4285714 5 -0.3075253
0.6938776 0.4489796 5 -0.1561145
0.6938776 0.4693878 5 -0.04931303
0.6938776 0.4897959 5 0.005893237
0.6938776 0.5102041 5 0.005893237
0.6938776 0.5306122 5 -0.04931303
0.6938776 0.5510204 5 -0.1561145
0.6938776 0.5714286 5 -0.3075253
0.6938776 0.5918367 5 -0.4936415
0.6938776 0.6122449 5 -0.7022894
0.6938776 0.6326531 5 -0.919821
0.6938776 0.6530612 5 -1.132008
0.6938776 0.6734694 5 -1.32497
0.6938776 0.6938776 5 -1.486087
0.6938776 0.7142857 5 -1.604819
0.6938776 0.7346939 5 -1.6734
0.6938776 0.755102 5 -1.687345
0.6938776 0.7755102 5 -1.64574
0.6938776 0.7959184 5 -1.551308
0.6938776 0.8163265 5 -1.410226
0.6938776 0.8367347 5 -1.231721
0.6938776 0.8571429 5 -1.027469
0.6938776 0.877551 5 -0.8108313
0.6938776 0.8979592 5 -0.5959776
0.6938776 0.9183673 5 -0.3969616
0.6938776 0.9387755 5 -0.2268011
0.6938776 0.9591837 5 -0.09662623
0.6938776 0.9795918 5 -0.01495181
0.6938776 1 5 0.01287982
0.7142857 0 5 -0.1209121
0.7142857 0.02040816 5 -0.1487437
0.7142857 0.04081633 5 -0.2304181
0.7142857 0.06122449 5 -0.360593
0.7142857 0.08163265 5 -0.5307535
0.7142857 0.1020408 5 -0.7297695
0.7142857 0.122449 5 -0.9446232
0.7142857 0.1428571 5 -1.161261
0.7142857 0.1632653 5 -1.365513
0.7142857 0.1836735 5 -1.544018
0.7142857 0.2040816 5 -1.6851
0.7142857 0.2244898 5 -1.779532
0.7142857 0.244898 5 -1.821137
0.7142857 0.2653061 5 -1.807192
0.7142857 0.2857143 5 -1.738611
0.7142857 0.3061224 5 -1.619879
0.7142857 0.3265306 5 -1.458762
0.7142857 0.3469388 5 -1.2658
0.7142857 0.3673469 5 -1.053613
0.7142857 0.3877551 5 -0.8360813
0.7142857 0.4081633 5 -0.6274335
0.7142857 0.4285714 5 -0.4413172
0.7142857 0.4489796 5 -0.2899064
0.7142857 0.4693878 5 -0.1831049
0.7142857 0.4897959 5 -0.1278987
0.7142857 0.5102041 5 -0.1278987
0.7142857 0.5306122 5 -0.1831049
0.7142857 0.5510204 5 -0.2899064
0.7142857 0.5714286 5 -0.4413172
0.7142857 0.5918367 5 -0.6274335
0.7142857 0.6122449 5 -0.8360813
0.7142857 0.6326531 5 -1.053613
0.7142857 0.6530612 5 -1.2658
0.7142857 0.6734694 5 -1.458762
0.7142857 0.6938776 5 -1.619879
0.7142857 0.7142857 5 -1.738611
0.7142857 0.7346939 5 -1.807192
0.7142857 0.755102 5 -1.821137
0.7142857 0.7755102 5 -1.779532
0.7142857 0.7959184 5 -1.6851
0.7142857 0.8163265 5 -1.544018
0.7142857 0.8367347 5 -1.365513
0.7142857 0.8571429 5 -1.161261
0.7142857 0.877551 5 -0.9446232
0.7142857 0.8979592 5 -0.7297695
0.7142857 0.9183673 5 -0.5307535
0.7142857 0.9387755 5 -0.360593
0.7142857 0.9591837 5 -0.2304181
0.7142857 0.9795918 5 -0.1487437
0.7142857 1 5 -0.1209121
0.7346939 0 5 -0.1981921
0.7346939 0.02040816 5 -0.2260237
0.7346939 0.04081633 5 -0.3076981
0.7346939 0.06122449 5 -0.437873
0.7346939 0.08163265 5 -0.6080335
0.7346939 0.1020408 5 -0.8070495
0.7346939 0.122449 5 -1.021903
0.7346939 0.1428571 5 -1.238541
0.7346939 0.1632653 5 -1.442792
0.7346939 0.1836735 5 -1.621298
0.7346939 0.2040816 5 -1.76238
0.7346939 0.2244898 5 -1.856812
0.7346939 0.244898 5 -1.898417
0.7346939 0.2653061 5 -1.884472
0.7346939 0.2857143 5 -1.815891
0.7346939 0.3061224 5 -1.697159
0.7346939 0.3265306 5 -1.536042
0.7346939 0.3469388 5 -1.34308
0.7346939 0.3673469 5 -1.130893
0.7346939 0.3877551 5 -0.9133613
0.7346939 0.4081633 5 -0.7047134
0.7346939 0.4285714 5 -0.5185972
0.7346939 0.4489796 5 -0.3671864
0.7346939 0.4693878 5 -0.2603849
0.7346939 0.4897959 5 -0.2051787
0.7346939 0.5102041 5 -0.2051787
0.7346939 0.5306122 5 -0.2603849
0.7346939 0.5510204 5 -0.3671864
0.7346939 0.5714286 5 -0.5185972
0.7346939 0.5918367 5 -0.7047134
0.7346939 0.6122449 5 -0.9133613
0.7346939 0.6326531 5 -1.130893
0.7346939 0.6530612 5 -1.34308
0.7346939 0.6734694 5 -1.536042
0.7346939 0.6938776 5 -1.697159
0.7346939 0.7142857 5 -1.815891
0.7346939 0.7346939 5 -1.884472
0.7346939 0.755102 5 -1.898417
0.7346939 0.7755102 5 -1.856812
0.7346939 0.7959184 5 -1.76238
0.7346939 0.8163265 5 -1.621298
0.7346939 0.8367347 5 -1.442792
0.7346939 0.8571429 5 -1.238541
0.7346939 0.877551 5 -1.021903
0.7346939 0.8979592 5 -0.8070495
0.7346939 0.9183673 5 -0.6080335
0.7346939 0.9387755 5 -0.437873
0.7346939 0.9591837 5 -0.3076981
0.7346939 0.9795918 5 -0.2260237
0.7346939 1 5 -0.1981921
0.755102 0 5 -0.2139052
0.755102 0.02040816 5 -0.2417369
0.755102 0.04081633 5 -0.3234113
0.755102 0.06122449 5 -0.4535861
0.755102 0.08163265 5 -0.6237467
0.755102 0.1020408 5 -0.8227626
0.755102 0.122449 5 -1.037616
0.755102 0.1428571 5 -1.254254
0.755102 0.1632653 5 -1.458506
0.755102 0.1836735 5 -1.637011
0.755102 0.2040816 5 -1.778093
0.755102 0.2244898 5 -1.872525
0.755102 0.244898 5 -1.91413
0.755102 0.2653061 5 -1.900185
0.755102 0.2857143 5 -1.831604
0.755102 0.3061224 5 -1.712872
0.755102 0.3265306 5 -1.551755
0.755102 0.3469388 5 -1.358793
0.755102 0.3673469 5 -1.146606
0.755102 0.3877551 5 -0.9290744
0.755102 0.4081633 5 -0.7204266
0.755102 0.4285714 5 -0.5343103
0.755102 0.4489796 5 -0.3828996
0.755102 0.4693878 5 -0.2760981
0.755102 0.4897959 5 -0.2208918
0.755102 0.5102041 5 -0.2208918
0.755102 0.5306122 5 -0.2760981
0.755102 0.5510204 5 -0.3828996
0.755102 0.5714286 5 -0.5343103
0.755102 0.5918367 5 -0.7204266
0.755102 0.6122449 5 -0.9290744
0.755102 0.6326531 5 -1.146606
0.755102 0.6530612 5 -1.358793
0.755102 0.6734694 5 -1.551755
0.755102 0.6938776 5 -1.712872
0.755102 0.7142857 5 -1.831604
0.755102 0.7346939 5 -1.900185
0.755102 0.755102 5 -1.91413
0.755102 0.7755102 5 -1.872525
0.755102 0.7959184 5 -1.778093
0.755102 0.8163265 5 -1.637011
0.755102 0.8367347 5 -1.458506
0.755102 0.8571429 5 -1.254254
0.755102 0.877551 5 -1.037616
0.755102 0.8979592 5 -0.8227626
0.755102 0.9183673 5 -0.6237467
0.755102 0.9387755 5 -0.4535861
0.755102 0.9591837 5 -0.3234113
0.755102 0.9795918 5 -0.2417369
0.755102 1 5 -0.2139052
0.7755102 0 5 -0.1670238
0.7755102 0.02040816 5 -0.1948554
0.7755102 0.04081633 5 -0.2765298
0.7755102 0.06122449 5 -0.4067047
0.7755102 0.08163265 5 -0.5768652
0.7755102 0.1020408 5 -0.7758812
0.7755102 0.122449 5 -0.9907349
0.7755102 0.1428571 5 -1.207373
0.7755102 0.1632653 5 -1.411624
0.7755102 0.1836735 5 -1.590129
0.7755102 0.2040816 5 -1.731212
0.7755102 0.2244898 5 -1.825644
0.7755102 0.244898 5 -1.867248
0.7755102 0.2653061 5 -1.853304
0.7755102 0.2857143 5 -1.784723
0.7755102 0.3061224 5 -1.665991
0.7755102 0.3265306 5 -1.504874
0.7755102 0.3469388 5 -1.311911
0.7755102 0.3673469 5 -1.099725
0.7755102 0.3877551 5 -0.8821929
0.7755102 0.4081633 5 -0.6735451
0.7755102 0.4285714 5 -0.4874289
0.7755102 0.4489796 5 -0.3360181
0.7755102 0.4693878 5 -0.2292166
0.7755102 0.4897959 5 -0.1740103
0.7755102 0.5102041 5 -0.1740103
0.7755102 0.5306122 5 -0.2292166
0.7755102 0.5510204 5 -0.3360181
0.7755102 0.5714286 5 -0.4874289
0.7755102 0.5918367 5 -0.6735451
0.7755102 0.6122449 5 -0.8821929
0.7755102 0.6326531 5 -1.099725
0.7755102 0.6530612 5 -1.311911
0.7755102 0.6734694 5 -1.504874
0.7755102 0.6938776 5 -1.665991
0.7755102 0.7142857 5 -1.784723
0.7755102 0.7346939 5 -1.853304
0.7755102 0.755102 5 -1.867248
0.7755102 0.7755102 5 -1.825644
0.7755102 0.7959184 5 -1.731212
0.7755102 0.8163265 5 -1.590129
0.7755102 0.8367347 5 -1.411624
0.7755102 0.8571429 5 -1.207373
0.7755102 0.877551 5 -0.9907349
0.7755102 0.8979592 5 -0.7758812
0.7755102 0.9183673 5 -0.5768652
0.7755102 0.9387755 5 -0.4067047
0.7755102 0.9591837 5 -0.2765298
0.7755102 0.9795918 5 -0.1948554
0.7755102 1 5 -0.1670238
0.7959184 0 5 -0.06061419
0.7959184 0.02040816 5 -0.08844582
0.7959184 0.04081633 5 -0.1701202
0.7959184 0.06122449 5 -0.3002951
0.7959184 0.08163265 5 -0.4704556
0.7959184 0.1020408 5 -0.6694716
0.7959184 0.122449 5 -0.8843253
0.7959184 0.1428571 5 -1.100963
0.7959184 0.1632653 5 -1.305215
0.7959184 0.1836735 5 -1.48372
0.7959184 0.2040816 5 -1.624802
0.7959184 0.2244898 5 -1.719234
0.7959184 0.244898 5 -1.760839
0.7959184 0.2653061 5 -1.746894
0.7959184 0.2857143 5 -1.678313
0.7959184 0.3061224 5 -1.559581
0.7959184 0.3265306 5 -1.398464
0.7959184 0.3469388 5 -1.205502
0.7959184 0.3673469 5 -0.9933151
0.7959184 0.3877551 5 -0.7757834
0.7959184 0.4081633 5 -0.5671356
0.7959184 0.4285714 5 -0.3810193
0.7959184 0.4489796 5 -0.2296085
0.7959184 0.4693878 5 -0.122807
0.7959184 0.4897959 5 -0.06760078
0.7959184 0.5102041 5 -0.06760078
0.7959184 0.5306122 5 -0.122807
0.7959184 0.5510204 5 -0.2296085
0.7959184 0.5714286 5 -0.3810193
0.7959184 0.5918367 5 -0.5671356
0.7959184 0.6122449 5 -0.7757834
0.7959184 0.6326531 5 -0.9933151
0.7959184 0.6530612 5 -1.205502
0.7959184 0.6734694 5 -1.398464
0.7959184 0.6938776 5 -1.559581
0.7959184 0.7142857 5 -1.678313
0.7959184 0.7346939 5 -1.746894
0.7959184 0.755102 5 -1.760839
0.7959184 0.7755102 5 -1.719234
0.7959184 0.7959184 5 -1.624802
0.7959184 0.8163265 5 -1.48372
0.7959184 0.8367347 5 -1.305215
0.7959184 0.8571429 5 -1.100963
0.7959184 0.877551 5 -0.8843253
0.7959184 0.8979592 5 -0.6694716
0.7959184 0.9183673 5 -0.4704556
0.7959184 0.9387755 5 -0.3002951
0.7959184 0.9591837 5 -0.1701202
0.7959184 0.9795918 5 -0.08844582
0.7959184 1 5 -0.06061419
0.8163265 0 5 0.09836319
0.8163265 0.02040816 5 0.07053156
0.8163265 0.04081633 5 -0.01114286
0.8163265 0.06122449 5 -0.1413177
0.8163265 0.08163265 5 -0.3114783
0.8163265 0.1020408 5 -0.5104942
0.8163265 0.122449 5 -0.7253479
0.8163265 0.1428571 5 -0.9419857
0.8163265 0.1632653 5 -1.146237
0.8163265 0.1836735 5 -1.324742
0.8163265 0.2040816 5 -1.465825
0.8163265 0.2244898 5 -1.560257
0.8163265 0.244898 5 -1.601861
0.8163265 0.2653061 5 -1.587917
0.8163265 0.2857143 5 -1.519336
0.8163265 0.3061224 5 -1.400604
0.8163265 0.3265306 5 -1.239487
0.8163265 0.3469388 5 -1.046524
0.8163265 0.3673469 5 -0.8343377
0.8163265 0.3877551 5 -0.616806
0.8163265 0.4081633 5 -0.4081582
0.8163265 0.4285714 5 -0.2220419
0.8163265 0.4489796 5 -0.07063114
0.8163265 0.4693878 5 0.03617034
0.8163265 0.4897959 5 0.09137661
0.8163265 0.5102041 5 0.09137661
0.8163265 0.5306122 5 0.03617034
0.8163265 0.5510204 5 -0.07063114
0.8163265 0.5714286 5 -0.2220419
0.8163265 0.5918367 5 -0.4081582
0.8163265 0.6122449 5 -0.616806
0.8163265 0.6326531 5 -0.8343377
0.8163265 0.6530612 5 -1.046524
0.8163265 0.6734694 5 -1.239487
0.8163265 0.6938776 5 -1.400604
0.8163265 0.7142857 5 -1.519336
0.8163265 0.7346939 5 -1.587917
0.8163265 0.755102 5 -1.601861
0.8163265 0.7755102 5 -1.560257
0.8163265 0.7959184 5 -1.465825
0.8163265 0.8163265 5 -1.324742
0.8163265 0.8367347 5 -1.146237
0.8163265 0.8571429 5 -0.9419857
0.8163265 0.877551 5 -0.7253479
0.8163265 0.8979592 5 -0.5104942
0.8163265 0.9183673 5 -0.3114783
0.8163265 0.9387755 5 -0.1413177
0.8163265 0.9591837 5 -0.01114286
0.8163265 0.9795918 5 0.07053156
0.8163265 1 5 0.09836319
0.8367347 0 5 0.2995096
0.8367347 0.02040816 5 0.271678
0.8367347 0.04081633 5 0.1900036
0.8367347 0.06122449 5 0.05982873
0.8367347 0.08163265 5 -0.1103318
0.8367347 0.1020408 5 -0.3093478
0.8367347 0.122449 5 -0.5242015
0.8367347 0.1428571 5 -0.7408392
0.8367347 0.1632653 5 -0.9450908
0.8367347 0.1836735 5 -1.123596
0.8367347 0.2040816 5 -1.264679
0.8367347 0.2244898 5 -1.359111
0.8367347 0.244898 5 -1.400715
0.8367347 0.2653061 5 -1.386771
0.8367347 0.2857143 5 -1.318189
0.8367347 0.3061224 5 -1.199457
0.8367347 0.3265306 5 -1.03834
0.8367347 0.3469388 5 -0.8453779
0.8367347 0.3673469 5 -0.6331912
0.8367347 0.3877551 5 -0.4156595
0.8367347 0.4081633 5 -0.2070117
0.8367347 0.4285714 5 -0.02089547
0.8367347 0.4489796 5 0.1305153
0.8367347 0.4693878 5 0.2373168
0.8367347 0.4897959 5 0.2925231
0.8367347 0.5102041 5 0.2925231
0.8367347 0.5306122 5 0.2373168
0.8367347 0.5510204 5 0.1305153
0.8367347 0.5714286 5 -0.02089547
0.8367347 0.5918367 5 -0.2070117
0.8367347 0.6122449 5 -0.4156595
0.8367347 0.6326531 5 -0.6331912
0.8367347 0.6530612 5 -0.8453779
0.8367347 0.6734694 5 -1.03834
0.8367347 0.6938776 5 -1.199457
0.8367347 0.7142857 5 -1.318189
0.8367347 0.7346939 5 -1.386771
0.8367347 0.755102 5 -1.400715
0.8367347 0.7755102 5 -1.359111
0.8367347 0.7959184 5 -1.264679
0.8367347 0.8163265 5 -1.123596
0.8367347 0.8367347 5 -0.9450908
0.8367347 0.8571429 5 -0.7408392
0.8367347 0.877551 5 -0.5242015
0.8367347 0.8979592 5 -0.3093478
0.8367347 0.9183673 5 -0.1103318
0.8367347 0.9387755 5 0.05982873
0.8367347 0.9591837 5 0.1900036
0.8367347 0.9795918 5 0.271678
0.8367347 1 5 0.2995096
0.8571429 0 5 0.5296681
0.8571429 0.02040816 5 0.5018365
0.8571429 0.04081633 5 0.4201621
0.8571429 0.06122449 5 0.2899872
0.8571429 0.08163265 5 0.1198267
0.8571429 0.1020408 5 -0.07918929
0.8571429 0.122449 5 -0.294043
0.8571429 0.1428571 5 -0.5106808
0.8571429 0.1632653 5 -0.7149323
0.8571429 0.1836735 5 -0.8934375
0.8571429 0.2040816 5 -1.03452
0.8571429 0.2244898 5 -1.128952
0.8571429 0.244898 5 -1.170557
0.8571429 0.2653061 5 -1.156612
0.8571429 0.2857143 5 -1.088031
0.8571429 0.3061224 5 -0.9692987
0.8571429 0.3265306 5 -0.808182
0.8571429 0.3469388 5 -0.6152195
0.8571429 0.3673469 5 -0.4030327
0.8571429 0.3877551 5 -0.1855011
0.8571429 0.4081633 5 0.02314674
0.8571429 0.4285714 5 0.209263
0.8571429 0.4489796 5 0.3606738
0.8571429 0.4693878 5 0.4674753
0.8571429 0.4897959 5 0.5226815
0.8571429 0.5102041 5 0.5226815
0.8571429 0.5306122 5 0.4674753
0.8571429 0.5510204 5 0.3606738
0.8571429 0.5714286 5 0.209263
0.8571429 0.5918367 5 0.02314674
0.8571429 0.6122449 5 -0.1855011
0.8571429 0.6326531 5 -0.4030327
0.8571429 0.6530612 5 -0.6152195
0.8571429 0.6734694 5 -0.808182
0.8571429 0.6938776 5 -0.9692987
0.8571429 0.7142857 5 -1.088031
0.8571429 0.7346939 5 -1.156612
0.8571429 0.755102 5 -1.170557
0.8571429 0.7755102 5 -1.128952
0.8571429 0.7959184 5 -1.03452
0.8571429 0.8163265 5 -0.8934375
0.8571429 0.8367347 5 -0.7149323
0.8571429 0.8571429 5 -0.5106808
0.8571429 0.877551 5 -0.294043
0.8571429 0.8979592 5 -0.07918929
0.8571429 0.9183673 5 0.1198267
0.8571429 0.9387755 5 0.2899872
0.8571429 0.9591837 5 0.4201621
0.8571429 0.9795918 5 0.5018365
0.8571429 1 5 0.5296681
0.877551 0 5 0.7737839
0.877551 0.02040816 5 0.7459522
0.877551 0.04081633 5 0.6642778
0.877551 0.06122449 5 0.534103
0.877551 0.08163265 5 0.3639424
0.877551 0.1020408 5 0.1649265
0.877551 0.122449 5 -0.04992722
0.877551 0.1428571 5 -0.266565
0.877551 0.1632653 5 -0.4708165
0.877551 0.1836735 5 -0.6493217
0.877551 0.2040816 5 -0.7904044
0.877551 0.2244898 5 -0.8848364
0.877551 0.244898 5 -0.9264408
0.877551 0.2653061 5 -0.9124963
0.877551 0.2857143 5 -0.8439151
0.877551 0.3061224 5 -0.725183
0.877551 0.3265306 5 -0.5640663
0.877551 0.3469388 5 -0.3711037
0.877551 0.3673469 5 -0.158917
0.877551 0.3877551 5 0.05861468
0.877551 0.4081633 5 0.2672625
0.877551 0.4285714 5 0.4533788
0.877551 0.4489796 5 0.6047895
0.877551 0.4693878 5 0.711591
0.877551 0.4897959 5 0.7667973
0.877551 0.5102041 5 0.7667973
0.877551 0.5306122 5 0.711591
0.877551 0.5510204 5 0.6047895
0.877551 0.5714286 5 0.4533788
0.877551 0.5918367 5 0.2672625
0.877551 0.6122449 5 0.05861468
0.877551 0.6326531 5 -0.158917
0.877551 0.6530612 5 -0.3711037
0.877551 0.6734694 5 -0.5640663
0.877551 0.6938776 5 -0.725183
0.877551 0.7142857 5 -0.8439151
0.877551 0.7346939 5 -0.9124963
0.877551 0.755102 5 -0.9264408
0.877551 0.7755102 5 -0.8848364
0.877551 0.7959184 5 -0.7904044
0.877551 0.8163265 5 -0.6493217
0.877551 0.8367347 5 -0.4708165
0.877551 0.8571429 5 -0.266565
0.877551 0.877551 5 -0.04992722
0.877551 0.8979592 5 0.1649265
0.877551 0.9183673 5 0.3639424
0.877551 0.9387755 5 0.534103
0.877551 0.9591837 5 0.6642778
0.877551 0.9795918 5 0.7459522
0.877551 1 5 0.7737839
0.8979592 0 5 1.015889
0.8979592 0.02040816 5 0.9880576
0.8979592 0.04081633 5 0.9063832
0.8979592 0.06122449 5 0.7762083
0.8979592 0.08163265 5 0.6060478
0.8979592 0.1020408 5 0.4070318
0.8979592 0.122449 5 0.1921782
0.8979592 0.1428571 5 -0.02445963
0.8979592 0.1632653 5 -0.2287112
0.8979592 0.1836735 5 -0.4072163
0.8979592 0.2040816 5 -0.548299
0.8979592 0.2244898 5 -0.642731
0.8979592 0.244898 5 -0.6843354
0.8979592 0.2653061 5 -0.670391
0.8979592 0.2857143 5 -0.6018097
0.8979592 0.3061224 5 -0.4830776
0.8979592 0.3265306 5 -0.3219609
0.8979592 0.3469388 5 -0.1289983
0.8979592 0.3673469 5 0.08318839
0.8979592 0.3877551 5 0.3007201
0.8979592 0.4081633 5 0.5093679
0.8979592 0.4285714 5 0.6954841
0.8979592 0.4489796 5 0.8468949
0.8979592 0.4693878 5 0.9536964
0.8979592 0.4897959 5 1.008903
0.8979592 0.5102041 5 1.008903
0.8979592 0.5306122 5 0.9536964
0.8979592 0.5510204 5 0.8468949
0.8979592 0.5714286 5 0.6954841
0.8979592 0.5918367 5 0.5093679
0.8979592 0.6122449 5 0.3007201
0.8979592 0.6326531 5 0.08318839
0.8979592 0.6530612 5 -0.1289983
0.8979592 0.6734694 5 -0.3219609
0.8979592 0.6938776 5 -0.4830776
0.8979592 0.7142857 5 -0.6018097
0.8979592 0.7346939 5 -0.670391
0.8979592 0.755102 5 -0.6843354
0.8979592 0.7755102 5 -0.642731
0.8979592 0.7959184 5 -0.548299
0.8979592 0.8163265 5 -0.4072163
0.8979592 0.8367347 5 -0.2287112
0.8979592 0.8571429 5 -0.02445963
0.8979592 0.877551 5 0.1921782
0.8979592 0.8979592 5 0.4070318
0.8979592 0.9183673 5 0.6060478
0.8979592 0.9387755 5 0.7762083
0.8979592 0.9591837 5 0.9063832
0.8979592 0.9795918 5 0.9880576
0.8979592 1 5 1.015889
0.9183673 0 5 1.240148
0.9183673 0.02040816 5 1.212316
0.9183673 0.04081633 5 1.130642
0.9183673 0.06122449 5 1.000467
0.9183673 0.08163265 5 0.8303066
0.9183673 0.1020408 5 0.6312907
0.9183673 0.122449 5 0.416437
0.9183673 0.1428571 5 0.1997992
0.9183673 0.1632653 5 -0.004452368
0.9183673 0.1836735 5 -0.1829575
0.9183673 0.2040816 5 -0.3240402
0.9183673 0.2244898 5 -0.4184722
0.9183673 0.244898 5 -0.4600766
0.9183673 0.2653061 5 -0.4461321
0.9183673 0.2857143 5 -0.3775509
0.9183673 0.3061224 5 -0.2588188
0.9183673 0.3265306 5 -0.09770209
0.9183673 0.3469388 5 0.09526048
0.9183673 0.3673469 5 0.3074472
0.9183673 0.3877551 5 0.5249789
0.9183673 0.4081633 5 0.7336267
0.9183673 0.4285714 5 0.9197429
0.9183673 0.4489796 5 1.071154
0.9183673 0.4693878 5 1.177955
0.9183673 0.4897959 5 1.233161
0.9183673 0.5102041 5 1.233161
0.9183673 0.5306122 5 1.177955
0.9183673 0.5510204 5 1.071154
0.9183673 0.5714286 5 0.9197429
0.9183673 0.5918367 5 0.7336267
0.9183673 0.6122449 5 0.5249789
0.9183673 0.6326531 5 0.3074472
0.9183673 0.6530612 5 0.09526048
0.9183673 0.6734694 5 -0.09770209
0.9183673 0.6938776 5 -0.2588188
0.9183673 0.7142857 5 -0.3775509
0.9183673 0.7346939 5 -0.4461321
0.9183673 0.755102 5 -0.4600766
0.9183673 0.7755102 5 -0.4184722
0.9183673 0.7959184 5 -0.3240402
0.9183673 0.8163265 5 -0.1829575
0.9183673 0.8367347 5 -0.004452368
0.9183673 0.8571429 5 0.1997992
0.9183673 0.877551 5 0.416437
0.9183673 0.8979592 5 0.6312907
0.9183673 0.9183673 5 0.8303066
0.9183673 0.9387755 5 1.000467
0.9183673 0.9591837 5 1.130642
0.9183673 0.9795918 5 1.212316
0.9183673 1 5 1.240148
0.9387755 0 5 1.431891
0.9387755 0.02040816 5 1.40406
0.9387755 0.04081633 5 1.322385
0.9387755 0.06122449 5 1.192211
0.9387755 0.08163265 5 1.02205
0.9387755 0.1020408 5 0.8230341
0.9387755 0.122449 5 0.6081804
0.9387755 0.1428571 5 0.3915426
0.9387755 0.1632653 5 0.187291
0.9387755 0.1836735 5 0.008785892
0.9387755 0.2040816 5 -0.1322968
0.9387755 0.2244898 5 -0.2267288
0.9387755 0.244898 5 -0.2683332
0.9387755 0.2653061 5 -0.2543887
0.9387755 0.2857143 5 -0.1858075
0.9387755 0.3061224 5 -0.06707536
0.9387755 0.3265306 5 0.09404132
0.9387755 0.3469388 5 0.2870039
0.9387755 0.3673469 5 0.4991906
0.9387755 0.3877551 5 0.7167223
0.9387755 0.4081633 5 0.9253701
0.9387755 0.4285714 5 1.111486
0.9387755 0.4489796 5 1.262897
0.9387755 0.4693878 5 1.369699
0.9387755 0.4897959 5 1.424905
0.9387755 0.5102041 5 1.424905
0.9387755 0.5306122 5 1.369699
0.9387755 0.5510204 5 1.262897
0.9387755 0.5714286 5 1.111486
0.9387755 0.5918367 5 0.9253701
0.9387755 0.6122449 5 0.7167223
0.9387755 0.6326531 5 0.4991906
0.9387755 0.6530612 5 0.2870039
0.9387755 0.6734694 5 0.09404132
0.9387755 0.6938776 5 -0.06707536
0.9387755 0.7142857 5 -0.1858075
0.9387755 0.7346939 5 -0.2543887
0.9387755 0.755102 5 -0.2683332
0.9387755 0.7755102 5 -0.2267288
0.9387755 0.7959184 5 -0.1322968
0.9387755 0.8163265 5 0.008785892
0.9387755 0.8367347 5 0.187291
0.9387755 0.8571429 5 0.3915426
0.9387755 0.877551 5 0.6081804
0.9387755 0.8979592 5 0.8230341
0.9387755 0.9183673 5 1.02205
0.9387755 0.9387755 5 1.192211
0.9387755 0.9591837 5 1.322385
0.9387755 0.9795918 5 1.40406
0.9387755 1 5 1.431891
0.9591837 0 5 1.578577
0.9591837 0.02040816 5 1.550746
0.9591837 0.04081633 5 1.469071
0.9591837 0.06122449 5 1.338897
0.9591837 0.08163265 5 1.168736
0.9591837 0.1020408 5 0.9697201
0.9591837 0.122449 5 0.7548664
0.9591837 0.1428571 5 0.5382286
0.9591837 0.1632653 5 0.3339771
0.9591837 0.1836735 5 0.1554719
0.9591837 0.2040816 5 0.01438923
0.9591837 0.2244898 5 -0.08004274
0.9591837 0.244898 5 -0.1216472
0.9591837 0.2653061 5 -0.1077027
0.9591837 0.2857143 5 -0.03912146
0.9591837 0.3061224 5 0.07961066
0.9591837 0.3265306 5 0.2407274
0.9591837 0.3469388 5 0.4336899
0.9591837 0.3673469 5 0.6458766
0.9591837 0.3877551 5 0.8634083
0.9591837 0.4081633 5 1.072056
0.9591837 0.4285714 5 1.258172
0.9591837 0.4489796 5 1.409583
0.9591837 0.4693878 5 1.516385
0.9591837 0.4897959 5 1.571591
0.9591837 0.5102041 5 1.571591
0.9591837 0.5306122 5 1.516385
0.9591837 0.5510204 5 1.409583
0.9591837 0.5714286 5 1.258172
0.9591837 0.5918367 5 1.072056
0.9591837 0.6122449 5 0.8634083
0.9591837 0.6326531 5 0.6458766
0.9591837 0.6530612 5 0.4336899
0.9591837 0.6734694 5 0.2407274
0.9591837 0.6938776 5 0.07961066
0.9591837 0.7142857 5 -0.03912146
0.9591837 0.7346939 5 -0.1077027
0.9591837 0.755102 5 -0.1216472
0.9591837 0.7755102 5 -0.08004274
0.9591837 0.7959184 5 0.01438923
0.9591837 0.8163265 5 0.1554719
0.9591837 0.8367347 5 0.3339771
0.9591837 0.8571429 5 0.5382286
0.9591837 0.877551 5 0.7548664
0.9591837 0.8979592 5 0.9697201
0.9591837 0.9183673 5 1.168736
0.9591837 0.9387755 5 1.338897
0.9591837 0.9591837 5 1.469071
0.9591837 0.9795918 5 1.550746
0.9591837 1 5 1.578577
0.9795918 0 5 1.670611
0.9795918 0.02040816 5 1.64278
0.9795918 0.04081633 5 1.561105
0.9795918 0.06122449 5 1.43093
0.9795918 0.08163265 5 1.26077
0.9795918 0.1020408 5 1.061754
0.9795918 0.122449 5 0.8469003
0.9795918 0.1428571 5 0.6302625
0.9795918 0.1632653 5 0.4260109
0.9795918 0.1836735 5 0.2475058
0.9795918 0.2040816 5 0.1064231
0.9795918 0.2244898 5 0.01199112
0.9795918 0.244898 5 -0.02961331
0.9795918 0.2653061 5 -0.01566884
0.9795918 0.2857143 5 0.05291241
0.9795918 0.3061224 5 0.1716445
0.9795918 0.3265306 5 0.3327612
0.9795918 0.3469388 5 0.5257238
0.9795918 0.3673469 5 0.7379105
0.9795918 0.3877551 5 0.9554422
0.9795918 0.4081633 5 1.16409
0.9795918 0.4285714 5 1.350206
0.9795918 0.4489796 5 1.501617
0.9795918 0.4693878 5 1.608419
0.9795918 0.4897959 5 1.663625
0.9795918 0.5102041 5 1.663625
0.9795918 0.5306122 5 1.608419
0.9795918 0.5510204 5 1.501617
0.9795918 0.5714286 5 1.350206
0.9795918 0.5918367 5 1.16409
0.9795918 0.6122449 5 0.9554422
0.9795918 0.6326531 5 0.7379105
0.9795918 0.6530612 5 0.5257238
0.9795918 0.6734694 5 0.3327612
0.9795918 0.6938776 5 0.1716445
0.9795918 0.7142857 5 0.05291241
0.9795918 0.7346939 5 -0.01566884
0.9795918 0.755102 5 -0.02961331
0.9795918 0.7755102 5 0.01199112
0.9795918 0.7959184 5 0.1064231
0.9795918 0.8163265 5 0.2475058
0.9795918 0.8367347 5 0.4260109
0.9795918 0.8571429 5 0.6302625
0.9795918 0.877551 5 0.8469003
0.9795918 0.8979592 5 1.061754
0.9795918 0.9183673 5 1.26077
0.9795918 0.9387755 5 1.43093
0.9795918 0.9591837 5 1.561105
0.9795918 0.9795918 5 1.64278
0.9795918 1 5 1.670611
1 0 5 1.701973
1 0.02040816 5 1.674141
1 0.04081633 5 1.592467
1 0.06122449 5 1.462292
1 0.08163265 5 1.292132
1 0.1020408 5 1.093116
1 0.122449 5 0.878262
1 0.1428571 5 0.6616242
1 0.1632653 5 0.4573727
1 0.1836735 5 0.2788675
1 0.2040816 5 0.1377848
1 0.2244898 5 0.04335287
1 0.244898 5 0.001748443
1 0.2653061 5 0.01569291
1 0.2857143 5 0.08427416
1 0.3061224 5 0.2030063
1 0.3265306 5 0.364123
1 0.3469388 5 0.5570855
1 0.3673469 5 0.7692723
1 0.3877551 5 0.9868039
1 0.4081633 5 1.195452
1 0.4285714 5 1.381568
1 0.4489796 5 1.532979
1 0.4693878 5 1.63978
1 0.4897959 5 1.694987
1 0.5102041 5 1.694987
1 0.5306122 5 1.63978
1 0.5510204 5 1.532979
1 0.5714286 5 1.381568
1 0.5918367 5 1.195452
1 0.6122449 5 0.9868039
1 0.6326531 5 0.7692723
1 0.6530612 5 0.5570855
1 0.6734694 5 0.364123
1 0.6938776 5 0.2030063
1 0.7142857 5 0.08427416
1 0.7346939 5 0.01569291
1 0.755102 5 0.001748443
1 0.7755102 5 0.04335287
1 0.7959184 5 0.1377848
1 0.8163265 5 0.2788675
1 0.8367347 5 0.4573727
1 0.8571429 5 0.6616242
1 0.877551 5 0.878262
1 0.8979592 5 1.093116
1 0.9183673 5 1.292132
1 0.9387755 5 1.462292
1 0.9591837 5 1.592467
1 0.9795918 5 1.674141
1 1 5 1.701973
